subject,file,lineno,LEC,DNC,NCT,experience-based,statistics-based,tuning machine
Mailpile,C:\Users\Zhifei Chen\Desktop\pysmell\subjects_for_metrics\Mailpile\setup.py,27,1,,,0,0,0
Mailpile,C:\Users\Zhifei Chen\Desktop\pysmell\subjects_for_metrics\Mailpile\setup.py,85,,2,1,0,0,0
Mailpile,C:\Users\Zhifei Chen\Desktop\pysmell\subjects_for_metrics\Mailpile\mailpile\app.py,115,1,,,0,0,0
Mailpile,C:\Users\Zhifei Chen\Desktop\pysmell\subjects_for_metrics\Mailpile\mailpile\app.py,225,1,,,0,0,0
Mailpile,C:\Users\Zhifei Chen\Desktop\pysmell\subjects_for_metrics\Mailpile\mailpile\auth.py,32,1,,,0,0,0
Mailpile,C:\Users\Zhifei Chen\Desktop\pysmell\subjects_for_metrics\Mailpile\mailpile\auth.py,33,1,,,0,0,0
Mailpile,C:\Users\Zhifei Chen\Desktop\pysmell\subjects_for_metrics\Mailpile\mailpile\auth.py,60,1,,,0,0,0
Mailpile,C:\Users\Zhifei Chen\Desktop\pysmell\subjects_for_metrics\Mailpile\mailpile\auth.py,106,1,,,0,0,0
Mailpile,C:\Users\Zhifei Chen\Desktop\pysmell\subjects_for_metrics\Mailpile\mailpile\auth.py,117,1,,,0,0,0
Mailpile,C:\Users\Zhifei Chen\Desktop\pysmell\subjects_for_metrics\Mailpile\mailpile\auth.py,119,1,,,0,0,0
Mailpile,C:\Users\Zhifei Chen\Desktop\pysmell\subjects_for_metrics\Mailpile\mailpile\auth.py,119,1,,,0,0,0
Mailpile,C:\Users\Zhifei Chen\Desktop\pysmell\subjects_for_metrics\Mailpile\mailpile\auth.py,120,1,,,0,0,0
Mailpile,C:\Users\Zhifei Chen\Desktop\pysmell\subjects_for_metrics\Mailpile\mailpile\auth.py,120,1,,,0,0,0
Mailpile,C:\Users\Zhifei Chen\Desktop\pysmell\subjects_for_metrics\Mailpile\mailpile\auth.py,181,1,,,0,0,0
Mailpile,C:\Users\Zhifei Chen\Desktop\pysmell\subjects_for_metrics\Mailpile\mailpile\auth.py,182,2,,,0,0,0
Mailpile,C:\Users\Zhifei Chen\Desktop\pysmell\subjects_for_metrics\Mailpile\mailpile\auth.py,190,1,,,0,0,0
Mailpile,C:\Users\Zhifei Chen\Desktop\pysmell\subjects_for_metrics\Mailpile\mailpile\auth.py,213,1,,,0,0,0
Mailpile,C:\Users\Zhifei Chen\Desktop\pysmell\subjects_for_metrics\Mailpile\mailpile\auth.py,251,1,,,0,0,0
Mailpile,C:\Users\Zhifei Chen\Desktop\pysmell\subjects_for_metrics\Mailpile\mailpile\auth.py,251,1,,,0,0,0
Mailpile,C:\Users\Zhifei Chen\Desktop\pysmell\subjects_for_metrics\Mailpile\mailpile\auth.py,256,1,,,0,0,0
Mailpile,C:\Users\Zhifei Chen\Desktop\pysmell\subjects_for_metrics\Mailpile\mailpile\auth.py,258,2,,,0,0,0
Mailpile,C:\Users\Zhifei Chen\Desktop\pysmell\subjects_for_metrics\Mailpile\mailpile\auth.py,264,2,,,0,0,0
Mailpile,C:\Users\Zhifei Chen\Desktop\pysmell\subjects_for_metrics\Mailpile\mailpile\auth.py,266,2,,,0,0,0
Mailpile,C:\Users\Zhifei Chen\Desktop\pysmell\subjects_for_metrics\Mailpile\mailpile\auth.py,270,1,,,0,0,0
Mailpile,C:\Users\Zhifei Chen\Desktop\pysmell\subjects_for_metrics\Mailpile\mailpile\auth.py,270,1,,,0,0,0
Mailpile,C:\Users\Zhifei Chen\Desktop\pysmell\subjects_for_metrics\Mailpile\mailpile\auth.py,287,1,,,0,0,0
Mailpile,C:\Users\Zhifei Chen\Desktop\pysmell\subjects_for_metrics\Mailpile\mailpile\auth.py,294,1,,,0,0,0
Mailpile,C:\Users\Zhifei Chen\Desktop\pysmell\subjects_for_metrics\Mailpile\mailpile\auth.py,296,1,,,0,0,0
Mailpile,C:\Users\Zhifei Chen\Desktop\pysmell\subjects_for_metrics\Mailpile\mailpile\auth.py,301,1,,,0,0,0
Mailpile,C:\Users\Zhifei Chen\Desktop\pysmell\subjects_for_metrics\Mailpile\mailpile\auth.py,302,1,,,0,0,0
Mailpile,C:\Users\Zhifei Chen\Desktop\pysmell\subjects_for_metrics\Mailpile\mailpile\auth.py,308,1,,,0,0,0
Mailpile,C:\Users\Zhifei Chen\Desktop\pysmell\subjects_for_metrics\Mailpile\mailpile\auth.py,315,1,,,0,0,0
Mailpile,C:\Users\Zhifei Chen\Desktop\pysmell\subjects_for_metrics\Mailpile\mailpile\auth.py,316,1,,,0,0,0
Mailpile,C:\Users\Zhifei Chen\Desktop\pysmell\subjects_for_metrics\Mailpile\mailpile\auth.py,326,1,,,0,0,0
Mailpile,C:\Users\Zhifei Chen\Desktop\pysmell\subjects_for_metrics\Mailpile\mailpile\auth.py,328,1,,,0,0,0
Mailpile,C:\Users\Zhifei Chen\Desktop\pysmell\subjects_for_metrics\Mailpile\mailpile\commands.py,117,1,,,0,0,0
Mailpile,C:\Users\Zhifei Chen\Desktop\pysmell\subjects_for_metrics\Mailpile\mailpile\commands.py,118,1,,,0,0,0
Mailpile,C:\Users\Zhifei Chen\Desktop\pysmell\subjects_for_metrics\Mailpile\mailpile\commands.py,143,,2,1,0,0,0
Mailpile,C:\Users\Zhifei Chen\Desktop\pysmell\subjects_for_metrics\Mailpile\mailpile\commands.py,160,2,,,0,0,0
Mailpile,C:\Users\Zhifei Chen\Desktop\pysmell\subjects_for_metrics\Mailpile\mailpile\commands.py,162,1,,,0,0,0
Mailpile,C:\Users\Zhifei Chen\Desktop\pysmell\subjects_for_metrics\Mailpile\mailpile\commands.py,165,1,,,0,0,0
Mailpile,C:\Users\Zhifei Chen\Desktop\pysmell\subjects_for_metrics\Mailpile\mailpile\commands.py,165,2,,,0,0,0
Mailpile,C:\Users\Zhifei Chen\Desktop\pysmell\subjects_for_metrics\Mailpile\mailpile\commands.py,168,1,,,0,0,0
Mailpile,C:\Users\Zhifei Chen\Desktop\pysmell\subjects_for_metrics\Mailpile\mailpile\commands.py,168,1,,,0,0,0
Mailpile,C:\Users\Zhifei Chen\Desktop\pysmell\subjects_for_metrics\Mailpile\mailpile\commands.py,174,1,,,0,0,0
Mailpile,C:\Users\Zhifei Chen\Desktop\pysmell\subjects_for_metrics\Mailpile\mailpile\commands.py,211,1,,,0,0,0
Mailpile,C:\Users\Zhifei Chen\Desktop\pysmell\subjects_for_metrics\Mailpile\mailpile\commands.py,216,1,,,0,0,0
Mailpile,C:\Users\Zhifei Chen\Desktop\pysmell\subjects_for_metrics\Mailpile\mailpile\commands.py,217,1,,,0,0,0
Mailpile,C:\Users\Zhifei Chen\Desktop\pysmell\subjects_for_metrics\Mailpile\mailpile\commands.py,218,1,,,0,0,0
Mailpile,C:\Users\Zhifei Chen\Desktop\pysmell\subjects_for_metrics\Mailpile\mailpile\commands.py,223,1,,,0,0,0
Mailpile,C:\Users\Zhifei Chen\Desktop\pysmell\subjects_for_metrics\Mailpile\mailpile\commands.py,224,1,,,0,0,0
Mailpile,C:\Users\Zhifei Chen\Desktop\pysmell\subjects_for_metrics\Mailpile\mailpile\commands.py,226,1,,,0,0,0
Mailpile,C:\Users\Zhifei Chen\Desktop\pysmell\subjects_for_metrics\Mailpile\mailpile\commands.py,228,1,,,0,0,0
Mailpile,C:\Users\Zhifei Chen\Desktop\pysmell\subjects_for_metrics\Mailpile\mailpile\commands.py,233,1,,,0,0,0
Mailpile,C:\Users\Zhifei Chen\Desktop\pysmell\subjects_for_metrics\Mailpile\mailpile\commands.py,233,1,,,0,0,0
Mailpile,C:\Users\Zhifei Chen\Desktop\pysmell\subjects_for_metrics\Mailpile\mailpile\commands.py,254,1,,,0,0,0
Mailpile,C:\Users\Zhifei Chen\Desktop\pysmell\subjects_for_metrics\Mailpile\mailpile\commands.py,260,1,,,0,0,0
Mailpile,C:\Users\Zhifei Chen\Desktop\pysmell\subjects_for_metrics\Mailpile\mailpile\commands.py,294,1,,,0,0,0
Mailpile,C:\Users\Zhifei Chen\Desktop\pysmell\subjects_for_metrics\Mailpile\mailpile\commands.py,305,1,,,0,0,0
Mailpile,C:\Users\Zhifei Chen\Desktop\pysmell\subjects_for_metrics\Mailpile\mailpile\commands.py,385,2,,,0,0,0
Mailpile,C:\Users\Zhifei Chen\Desktop\pysmell\subjects_for_metrics\Mailpile\mailpile\commands.py,386,2,,,0,0,0
Mailpile,C:\Users\Zhifei Chen\Desktop\pysmell\subjects_for_metrics\Mailpile\mailpile\commands.py,387,1,,,0,0,0
Mailpile,C:\Users\Zhifei Chen\Desktop\pysmell\subjects_for_metrics\Mailpile\mailpile\commands.py,431,1,,,0,0,0
Mailpile,C:\Users\Zhifei Chen\Desktop\pysmell\subjects_for_metrics\Mailpile\mailpile\commands.py,452,1,,,0,0,0
Mailpile,C:\Users\Zhifei Chen\Desktop\pysmell\subjects_for_metrics\Mailpile\mailpile\commands.py,468,1,,,0,0,0
Mailpile,C:\Users\Zhifei Chen\Desktop\pysmell\subjects_for_metrics\Mailpile\mailpile\commands.py,471,1,,,0,0,0
Mailpile,C:\Users\Zhifei Chen\Desktop\pysmell\subjects_for_metrics\Mailpile\mailpile\commands.py,472,1,,,0,0,0
Mailpile,C:\Users\Zhifei Chen\Desktop\pysmell\subjects_for_metrics\Mailpile\mailpile\commands.py,488,1,,,0,0,0
Mailpile,C:\Users\Zhifei Chen\Desktop\pysmell\subjects_for_metrics\Mailpile\mailpile\commands.py,508,1,,,0,0,0
Mailpile,C:\Users\Zhifei Chen\Desktop\pysmell\subjects_for_metrics\Mailpile\mailpile\commands.py,510,1,,,0,0,0
Mailpile,C:\Users\Zhifei Chen\Desktop\pysmell\subjects_for_metrics\Mailpile\mailpile\commands.py,547,1,,,0,0,0
Mailpile,C:\Users\Zhifei Chen\Desktop\pysmell\subjects_for_metrics\Mailpile\mailpile\commands.py,686,1,,,0,0,0
Mailpile,C:\Users\Zhifei Chen\Desktop\pysmell\subjects_for_metrics\Mailpile\mailpile\commands.py,687,1,,,0,0,0
Mailpile,C:\Users\Zhifei Chen\Desktop\pysmell\subjects_for_metrics\Mailpile\mailpile\commands.py,688,1,,,0,0,0
Mailpile,C:\Users\Zhifei Chen\Desktop\pysmell\subjects_for_metrics\Mailpile\mailpile\commands.py,692,1,,,0,0,0
Mailpile,C:\Users\Zhifei Chen\Desktop\pysmell\subjects_for_metrics\Mailpile\mailpile\commands.py,692,1,,,0,0,0
Mailpile,C:\Users\Zhifei Chen\Desktop\pysmell\subjects_for_metrics\Mailpile\mailpile\commands.py,693,1,,,0,0,0
Mailpile,C:\Users\Zhifei Chen\Desktop\pysmell\subjects_for_metrics\Mailpile\mailpile\commands.py,701,1,,,0,0,0
Mailpile,C:\Users\Zhifei Chen\Desktop\pysmell\subjects_for_metrics\Mailpile\mailpile\commands.py,703,1,,,0,0,0
Mailpile,C:\Users\Zhifei Chen\Desktop\pysmell\subjects_for_metrics\Mailpile\mailpile\commands.py,708,1,,,0,0,0
Mailpile,C:\Users\Zhifei Chen\Desktop\pysmell\subjects_for_metrics\Mailpile\mailpile\commands.py,736,1,,,0,0,0
Mailpile,C:\Users\Zhifei Chen\Desktop\pysmell\subjects_for_metrics\Mailpile\mailpile\commands.py,739,1,,,0,0,0
Mailpile,C:\Users\Zhifei Chen\Desktop\pysmell\subjects_for_metrics\Mailpile\mailpile\commands.py,741,1,,,0,0,0
Mailpile,C:\Users\Zhifei Chen\Desktop\pysmell\subjects_for_metrics\Mailpile\mailpile\commands.py,741,1,,,0,0,0
Mailpile,C:\Users\Zhifei Chen\Desktop\pysmell\subjects_for_metrics\Mailpile\mailpile\commands.py,743,1,,,0,0,0
Mailpile,C:\Users\Zhifei Chen\Desktop\pysmell\subjects_for_metrics\Mailpile\mailpile\commands.py,746,,2,1,0,0,0
Mailpile,C:\Users\Zhifei Chen\Desktop\pysmell\subjects_for_metrics\Mailpile\mailpile\commands.py,747,1,,,0,0,0
Mailpile,C:\Users\Zhifei Chen\Desktop\pysmell\subjects_for_metrics\Mailpile\mailpile\commands.py,748,1,,,0,0,0
Mailpile,C:\Users\Zhifei Chen\Desktop\pysmell\subjects_for_metrics\Mailpile\mailpile\commands.py,753,1,,,0,0,0
Mailpile,C:\Users\Zhifei Chen\Desktop\pysmell\subjects_for_metrics\Mailpile\mailpile\commands.py,757,1,,,0,0,0
Mailpile,C:\Users\Zhifei Chen\Desktop\pysmell\subjects_for_metrics\Mailpile\mailpile\commands.py,766,1,,,0,0,0
Mailpile,C:\Users\Zhifei Chen\Desktop\pysmell\subjects_for_metrics\Mailpile\mailpile\commands.py,767,1,,,0,0,0
Mailpile,C:\Users\Zhifei Chen\Desktop\pysmell\subjects_for_metrics\Mailpile\mailpile\commands.py,772,1,,,0,0,0
Mailpile,C:\Users\Zhifei Chen\Desktop\pysmell\subjects_for_metrics\Mailpile\mailpile\commands.py,773,1,,,0,0,0
Mailpile,C:\Users\Zhifei Chen\Desktop\pysmell\subjects_for_metrics\Mailpile\mailpile\commands.py,774,1,,,0,0,0
Mailpile,C:\Users\Zhifei Chen\Desktop\pysmell\subjects_for_metrics\Mailpile\mailpile\commands.py,778,2,,,0,0,0
Mailpile,C:\Users\Zhifei Chen\Desktop\pysmell\subjects_for_metrics\Mailpile\mailpile\commands.py,788,2,,,0,0,0
Mailpile,C:\Users\Zhifei Chen\Desktop\pysmell\subjects_for_metrics\Mailpile\mailpile\commands.py,789,1,,,0,0,0
Mailpile,C:\Users\Zhifei Chen\Desktop\pysmell\subjects_for_metrics\Mailpile\mailpile\commands.py,792,2,,,0,0,0
Mailpile,C:\Users\Zhifei Chen\Desktop\pysmell\subjects_for_metrics\Mailpile\mailpile\commands.py,792,1,,,0,0,0
Mailpile,C:\Users\Zhifei Chen\Desktop\pysmell\subjects_for_metrics\Mailpile\mailpile\commands.py,795,1,,,0,0,0
Mailpile,C:\Users\Zhifei Chen\Desktop\pysmell\subjects_for_metrics\Mailpile\mailpile\commands.py,798,2,,,0,0,0
Mailpile,C:\Users\Zhifei Chen\Desktop\pysmell\subjects_for_metrics\Mailpile\mailpile\commands.py,798,1,,,0,0,0
Mailpile,C:\Users\Zhifei Chen\Desktop\pysmell\subjects_for_metrics\Mailpile\mailpile\commands.py,800,2,,,0,0,0
Mailpile,C:\Users\Zhifei Chen\Desktop\pysmell\subjects_for_metrics\Mailpile\mailpile\commands.py,800,1,,,0,0,0
Mailpile,C:\Users\Zhifei Chen\Desktop\pysmell\subjects_for_metrics\Mailpile\mailpile\commands.py,803,1,,,0,0,0
Mailpile,C:\Users\Zhifei Chen\Desktop\pysmell\subjects_for_metrics\Mailpile\mailpile\commands.py,804,1,,,0,0,0
Mailpile,C:\Users\Zhifei Chen\Desktop\pysmell\subjects_for_metrics\Mailpile\mailpile\commands.py,807,2,,,0,0,0
Mailpile,C:\Users\Zhifei Chen\Desktop\pysmell\subjects_for_metrics\Mailpile\mailpile\commands.py,807,1,,,0,0,0
Mailpile,C:\Users\Zhifei Chen\Desktop\pysmell\subjects_for_metrics\Mailpile\mailpile\commands.py,809,2,,,0,0,0
Mailpile,C:\Users\Zhifei Chen\Desktop\pysmell\subjects_for_metrics\Mailpile\mailpile\commands.py,825,1,,,0,0,0
Mailpile,C:\Users\Zhifei Chen\Desktop\pysmell\subjects_for_metrics\Mailpile\mailpile\commands.py,828,1,,,0,0,0
Mailpile,C:\Users\Zhifei Chen\Desktop\pysmell\subjects_for_metrics\Mailpile\mailpile\commands.py,831,1,,,0,0,0
Mailpile,C:\Users\Zhifei Chen\Desktop\pysmell\subjects_for_metrics\Mailpile\mailpile\commands.py,842,1,,,0,0,0
Mailpile,C:\Users\Zhifei Chen\Desktop\pysmell\subjects_for_metrics\Mailpile\mailpile\commands.py,849,1,,,0,0,0
Mailpile,C:\Users\Zhifei Chen\Desktop\pysmell\subjects_for_metrics\Mailpile\mailpile\commands.py,858,1,,,0,0,0
Mailpile,C:\Users\Zhifei Chen\Desktop\pysmell\subjects_for_metrics\Mailpile\mailpile\commands.py,865,1,,,0,0,0
Mailpile,C:\Users\Zhifei Chen\Desktop\pysmell\subjects_for_metrics\Mailpile\mailpile\commands.py,877,1,,,0,0,0
Mailpile,C:\Users\Zhifei Chen\Desktop\pysmell\subjects_for_metrics\Mailpile\mailpile\commands.py,880,1,,,0,0,0
Mailpile,C:\Users\Zhifei Chen\Desktop\pysmell\subjects_for_metrics\Mailpile\mailpile\commands.py,894,1,,,0,0,0
Mailpile,C:\Users\Zhifei Chen\Desktop\pysmell\subjects_for_metrics\Mailpile\mailpile\commands.py,895,1,,,0,0,0
Mailpile,C:\Users\Zhifei Chen\Desktop\pysmell\subjects_for_metrics\Mailpile\mailpile\commands.py,897,2,,,0,0,0
Mailpile,C:\Users\Zhifei Chen\Desktop\pysmell\subjects_for_metrics\Mailpile\mailpile\commands.py,898,3,,,1,1,1
Mailpile,C:\Users\Zhifei Chen\Desktop\pysmell\subjects_for_metrics\Mailpile\mailpile\commands.py,934,,2,2,0,0,0
Mailpile,C:\Users\Zhifei Chen\Desktop\pysmell\subjects_for_metrics\Mailpile\mailpile\commands.py,948,1,,,0,0,0
Mailpile,C:\Users\Zhifei Chen\Desktop\pysmell\subjects_for_metrics\Mailpile\mailpile\commands.py,956,1,,,0,0,0
Mailpile,C:\Users\Zhifei Chen\Desktop\pysmell\subjects_for_metrics\Mailpile\mailpile\commands.py,964,,3,1,0,0,0
Mailpile,C:\Users\Zhifei Chen\Desktop\pysmell\subjects_for_metrics\Mailpile\mailpile\commands.py,973,2,,,0,0,0
Mailpile,C:\Users\Zhifei Chen\Desktop\pysmell\subjects_for_metrics\Mailpile\mailpile\commands.py,976,1,,,0,0,0
Mailpile,C:\Users\Zhifei Chen\Desktop\pysmell\subjects_for_metrics\Mailpile\mailpile\commands.py,978,1,,,0,0,0
Mailpile,C:\Users\Zhifei Chen\Desktop\pysmell\subjects_for_metrics\Mailpile\mailpile\commands.py,986,1,,,0,0,0
Mailpile,C:\Users\Zhifei Chen\Desktop\pysmell\subjects_for_metrics\Mailpile\mailpile\commands.py,986,1,,,0,0,0
Mailpile,C:\Users\Zhifei Chen\Desktop\pysmell\subjects_for_metrics\Mailpile\mailpile\commands.py,993,3,,,1,1,1
Mailpile,C:\Users\Zhifei Chen\Desktop\pysmell\subjects_for_metrics\Mailpile\mailpile\commands.py,996,1,,,0,0,0
Mailpile,C:\Users\Zhifei Chen\Desktop\pysmell\subjects_for_metrics\Mailpile\mailpile\commands.py,999,2,,,0,0,0
Mailpile,C:\Users\Zhifei Chen\Desktop\pysmell\subjects_for_metrics\Mailpile\mailpile\commands.py,1001,3,,,1,1,1
Mailpile,C:\Users\Zhifei Chen\Desktop\pysmell\subjects_for_metrics\Mailpile\mailpile\commands.py,1004,2,,,0,0,0
Mailpile,C:\Users\Zhifei Chen\Desktop\pysmell\subjects_for_metrics\Mailpile\mailpile\commands.py,1008,2,,,0,0,0
Mailpile,C:\Users\Zhifei Chen\Desktop\pysmell\subjects_for_metrics\Mailpile\mailpile\commands.py,1009,3,,,1,1,1
Mailpile,C:\Users\Zhifei Chen\Desktop\pysmell\subjects_for_metrics\Mailpile\mailpile\commands.py,1014,2,,,0,0,0
Mailpile,C:\Users\Zhifei Chen\Desktop\pysmell\subjects_for_metrics\Mailpile\mailpile\commands.py,1015,3,,,1,1,1
Mailpile,C:\Users\Zhifei Chen\Desktop\pysmell\subjects_for_metrics\Mailpile\mailpile\commands.py,1022,2,,,0,0,0
Mailpile,C:\Users\Zhifei Chen\Desktop\pysmell\subjects_for_metrics\Mailpile\mailpile\commands.py,1023,3,,,1,1,1
Mailpile,C:\Users\Zhifei Chen\Desktop\pysmell\subjects_for_metrics\Mailpile\mailpile\commands.py,1024,1,,,0,0,0
Mailpile,C:\Users\Zhifei Chen\Desktop\pysmell\subjects_for_metrics\Mailpile\mailpile\commands.py,1025,1,,,0,0,0
Mailpile,C:\Users\Zhifei Chen\Desktop\pysmell\subjects_for_metrics\Mailpile\mailpile\commands.py,1034,1,,,0,0,0
Mailpile,C:\Users\Zhifei Chen\Desktop\pysmell\subjects_for_metrics\Mailpile\mailpile\commands.py,1036,1,,,0,0,0
Mailpile,C:\Users\Zhifei Chen\Desktop\pysmell\subjects_for_metrics\Mailpile\mailpile\commands.py,1036,1,,,0,0,0
Mailpile,C:\Users\Zhifei Chen\Desktop\pysmell\subjects_for_metrics\Mailpile\mailpile\commands.py,1039,1,,,0,0,0
Mailpile,C:\Users\Zhifei Chen\Desktop\pysmell\subjects_for_metrics\Mailpile\mailpile\commands.py,1041,1,,,0,0,0
Mailpile,C:\Users\Zhifei Chen\Desktop\pysmell\subjects_for_metrics\Mailpile\mailpile\commands.py,1067,2,,,0,0,0
Mailpile,C:\Users\Zhifei Chen\Desktop\pysmell\subjects_for_metrics\Mailpile\mailpile\commands.py,1071,1,,,0,0,0
Mailpile,C:\Users\Zhifei Chen\Desktop\pysmell\subjects_for_metrics\Mailpile\mailpile\commands.py,1072,3,,,1,1,1
Mailpile,C:\Users\Zhifei Chen\Desktop\pysmell\subjects_for_metrics\Mailpile\mailpile\commands.py,1073,3,,,1,1,1
Mailpile,C:\Users\Zhifei Chen\Desktop\pysmell\subjects_for_metrics\Mailpile\mailpile\commands.py,1073,1,,,0,0,0
Mailpile,C:\Users\Zhifei Chen\Desktop\pysmell\subjects_for_metrics\Mailpile\mailpile\commands.py,1074,1,,,0,0,0
Mailpile,C:\Users\Zhifei Chen\Desktop\pysmell\subjects_for_metrics\Mailpile\mailpile\commands.py,1084,1,,,0,0,0
Mailpile,C:\Users\Zhifei Chen\Desktop\pysmell\subjects_for_metrics\Mailpile\mailpile\commands.py,1086,1,,,0,0,0
Mailpile,C:\Users\Zhifei Chen\Desktop\pysmell\subjects_for_metrics\Mailpile\mailpile\commands.py,1088,1,,,0,0,0
Mailpile,C:\Users\Zhifei Chen\Desktop\pysmell\subjects_for_metrics\Mailpile\mailpile\commands.py,1096,1,,,0,0,0
Mailpile,C:\Users\Zhifei Chen\Desktop\pysmell\subjects_for_metrics\Mailpile\mailpile\commands.py,1098,1,,,0,0,0
Mailpile,C:\Users\Zhifei Chen\Desktop\pysmell\subjects_for_metrics\Mailpile\mailpile\commands.py,1098,1,,,0,0,0
Mailpile,C:\Users\Zhifei Chen\Desktop\pysmell\subjects_for_metrics\Mailpile\mailpile\commands.py,1100,1,,,0,0,0
Mailpile,C:\Users\Zhifei Chen\Desktop\pysmell\subjects_for_metrics\Mailpile\mailpile\commands.py,1101,1,,,0,0,0
Mailpile,C:\Users\Zhifei Chen\Desktop\pysmell\subjects_for_metrics\Mailpile\mailpile\commands.py,1102,1,,,0,0,0
Mailpile,C:\Users\Zhifei Chen\Desktop\pysmell\subjects_for_metrics\Mailpile\mailpile\commands.py,1103,1,,,0,0,0
Mailpile,C:\Users\Zhifei Chen\Desktop\pysmell\subjects_for_metrics\Mailpile\mailpile\commands.py,1107,1,,,0,0,0
Mailpile,C:\Users\Zhifei Chen\Desktop\pysmell\subjects_for_metrics\Mailpile\mailpile\commands.py,1109,1,,,0,0,0
Mailpile,C:\Users\Zhifei Chen\Desktop\pysmell\subjects_for_metrics\Mailpile\mailpile\commands.py,1114,1,,,0,0,0
Mailpile,C:\Users\Zhifei Chen\Desktop\pysmell\subjects_for_metrics\Mailpile\mailpile\commands.py,1115,3,,,1,1,1
Mailpile,C:\Users\Zhifei Chen\Desktop\pysmell\subjects_for_metrics\Mailpile\mailpile\commands.py,1115,1,,,0,0,0
Mailpile,C:\Users\Zhifei Chen\Desktop\pysmell\subjects_for_metrics\Mailpile\mailpile\commands.py,1116,1,,,0,0,0
Mailpile,C:\Users\Zhifei Chen\Desktop\pysmell\subjects_for_metrics\Mailpile\mailpile\commands.py,1117,1,,,0,0,0
Mailpile,C:\Users\Zhifei Chen\Desktop\pysmell\subjects_for_metrics\Mailpile\mailpile\commands.py,1118,1,,,0,0,0
Mailpile,C:\Users\Zhifei Chen\Desktop\pysmell\subjects_for_metrics\Mailpile\mailpile\commands.py,1124,1,,,0,0,0
Mailpile,C:\Users\Zhifei Chen\Desktop\pysmell\subjects_for_metrics\Mailpile\mailpile\commands.py,1138,1,,,0,0,0
Mailpile,C:\Users\Zhifei Chen\Desktop\pysmell\subjects_for_metrics\Mailpile\mailpile\commands.py,1139,1,,,0,0,0
Mailpile,C:\Users\Zhifei Chen\Desktop\pysmell\subjects_for_metrics\Mailpile\mailpile\commands.py,1144,1,,,0,0,0
Mailpile,C:\Users\Zhifei Chen\Desktop\pysmell\subjects_for_metrics\Mailpile\mailpile\commands.py,1146,1,,,0,0,0
Mailpile,C:\Users\Zhifei Chen\Desktop\pysmell\subjects_for_metrics\Mailpile\mailpile\commands.py,1147,1,,,0,0,0
Mailpile,C:\Users\Zhifei Chen\Desktop\pysmell\subjects_for_metrics\Mailpile\mailpile\commands.py,1148,1,,,0,0,0
Mailpile,C:\Users\Zhifei Chen\Desktop\pysmell\subjects_for_metrics\Mailpile\mailpile\commands.py,1196,1,,,0,0,0
Mailpile,C:\Users\Zhifei Chen\Desktop\pysmell\subjects_for_metrics\Mailpile\mailpile\commands.py,1206,1,,,0,0,0
Mailpile,C:\Users\Zhifei Chen\Desktop\pysmell\subjects_for_metrics\Mailpile\mailpile\commands.py,1208,1,,,0,0,0
Mailpile,C:\Users\Zhifei Chen\Desktop\pysmell\subjects_for_metrics\Mailpile\mailpile\commands.py,1209,1,,,0,0,0
Mailpile,C:\Users\Zhifei Chen\Desktop\pysmell\subjects_for_metrics\Mailpile\mailpile\commands.py,1211,1,,,0,0,0
Mailpile,C:\Users\Zhifei Chen\Desktop\pysmell\subjects_for_metrics\Mailpile\mailpile\commands.py,1212,1,,,0,0,0
Mailpile,C:\Users\Zhifei Chen\Desktop\pysmell\subjects_for_metrics\Mailpile\mailpile\commands.py,1216,1,,,0,0,0
Mailpile,C:\Users\Zhifei Chen\Desktop\pysmell\subjects_for_metrics\Mailpile\mailpile\commands.py,1237,1,,,0,0,0
Mailpile,C:\Users\Zhifei Chen\Desktop\pysmell\subjects_for_metrics\Mailpile\mailpile\commands.py,1248,1,,,0,0,0
Mailpile,C:\Users\Zhifei Chen\Desktop\pysmell\subjects_for_metrics\Mailpile\mailpile\commands.py,1265,1,,,0,0,0
Mailpile,C:\Users\Zhifei Chen\Desktop\pysmell\subjects_for_metrics\Mailpile\mailpile\commands.py,1309,1,,,0,0,0
Mailpile,C:\Users\Zhifei Chen\Desktop\pysmell\subjects_for_metrics\Mailpile\mailpile\commands.py,1317,1,,,0,0,0
Mailpile,C:\Users\Zhifei Chen\Desktop\pysmell\subjects_for_metrics\Mailpile\mailpile\commands.py,1318,1,,,0,0,0
Mailpile,C:\Users\Zhifei Chen\Desktop\pysmell\subjects_for_metrics\Mailpile\mailpile\commands.py,1509,1,,,0,0,0
Mailpile,C:\Users\Zhifei Chen\Desktop\pysmell\subjects_for_metrics\Mailpile\mailpile\commands.py,1509,1,,,0,0,0
Mailpile,C:\Users\Zhifei Chen\Desktop\pysmell\subjects_for_metrics\Mailpile\mailpile\commands.py,1547,1,,,0,0,0
Mailpile,C:\Users\Zhifei Chen\Desktop\pysmell\subjects_for_metrics\Mailpile\mailpile\commands.py,1563,1,,,0,0,0
Mailpile,C:\Users\Zhifei Chen\Desktop\pysmell\subjects_for_metrics\Mailpile\mailpile\commands.py,1564,1,,,0,0,0
Mailpile,C:\Users\Zhifei Chen\Desktop\pysmell\subjects_for_metrics\Mailpile\mailpile\commands.py,1570,1,,,0,0,0
Mailpile,C:\Users\Zhifei Chen\Desktop\pysmell\subjects_for_metrics\Mailpile\mailpile\commands.py,1590,1,,,0,0,0
Mailpile,C:\Users\Zhifei Chen\Desktop\pysmell\subjects_for_metrics\Mailpile\mailpile\commands.py,1591,1,,,0,0,0
Mailpile,C:\Users\Zhifei Chen\Desktop\pysmell\subjects_for_metrics\Mailpile\mailpile\commands.py,1592,1,,,0,0,0
Mailpile,C:\Users\Zhifei Chen\Desktop\pysmell\subjects_for_metrics\Mailpile\mailpile\commands.py,1593,1,,,0,0,0
Mailpile,C:\Users\Zhifei Chen\Desktop\pysmell\subjects_for_metrics\Mailpile\mailpile\commands.py,1622,1,,,0,0,0
Mailpile,C:\Users\Zhifei Chen\Desktop\pysmell\subjects_for_metrics\Mailpile\mailpile\commands.py,1622,1,,,0,0,0
Mailpile,C:\Users\Zhifei Chen\Desktop\pysmell\subjects_for_metrics\Mailpile\mailpile\commands.py,1623,1,,,0,0,0
Mailpile,C:\Users\Zhifei Chen\Desktop\pysmell\subjects_for_metrics\Mailpile\mailpile\commands.py,1635,1,,,0,0,0
Mailpile,C:\Users\Zhifei Chen\Desktop\pysmell\subjects_for_metrics\Mailpile\mailpile\commands.py,1636,1,,,0,0,0
Mailpile,C:\Users\Zhifei Chen\Desktop\pysmell\subjects_for_metrics\Mailpile\mailpile\commands.py,1637,1,,,0,0,0
Mailpile,C:\Users\Zhifei Chen\Desktop\pysmell\subjects_for_metrics\Mailpile\mailpile\commands.py,1638,1,,,0,0,0
Mailpile,C:\Users\Zhifei Chen\Desktop\pysmell\subjects_for_metrics\Mailpile\mailpile\commands.py,1658,,2,1,0,0,0
Mailpile,C:\Users\Zhifei Chen\Desktop\pysmell\subjects_for_metrics\Mailpile\mailpile\commands.py,1661,,2,1,0,0,0
Mailpile,C:\Users\Zhifei Chen\Desktop\pysmell\subjects_for_metrics\Mailpile\mailpile\commands.py,1706,1,,,0,0,0
Mailpile,C:\Users\Zhifei Chen\Desktop\pysmell\subjects_for_metrics\Mailpile\mailpile\commands.py,1755,1,,,0,0,0
Mailpile,C:\Users\Zhifei Chen\Desktop\pysmell\subjects_for_metrics\Mailpile\mailpile\commands.py,1757,1,,,0,0,0
Mailpile,C:\Users\Zhifei Chen\Desktop\pysmell\subjects_for_metrics\Mailpile\mailpile\commands.py,1759,1,,,0,0,0
Mailpile,C:\Users\Zhifei Chen\Desktop\pysmell\subjects_for_metrics\Mailpile\mailpile\commands.py,1760,1,,,0,0,0
Mailpile,C:\Users\Zhifei Chen\Desktop\pysmell\subjects_for_metrics\Mailpile\mailpile\commands.py,1761,1,,,0,0,0
Mailpile,C:\Users\Zhifei Chen\Desktop\pysmell\subjects_for_metrics\Mailpile\mailpile\commands.py,1774,1,,,0,0,0
Mailpile,C:\Users\Zhifei Chen\Desktop\pysmell\subjects_for_metrics\Mailpile\mailpile\commands.py,1775,1,,,0,0,0
Mailpile,C:\Users\Zhifei Chen\Desktop\pysmell\subjects_for_metrics\Mailpile\mailpile\commands.py,1785,1,,,0,0,0
Mailpile,C:\Users\Zhifei Chen\Desktop\pysmell\subjects_for_metrics\Mailpile\mailpile\commands.py,1787,1,,,0,0,0
Mailpile,C:\Users\Zhifei Chen\Desktop\pysmell\subjects_for_metrics\Mailpile\mailpile\commands.py,1791,1,,,0,0,0
Mailpile,C:\Users\Zhifei Chen\Desktop\pysmell\subjects_for_metrics\Mailpile\mailpile\commands.py,1816,1,,,0,0,0
Mailpile,C:\Users\Zhifei Chen\Desktop\pysmell\subjects_for_metrics\Mailpile\mailpile\commands.py,1818,1,,,0,0,0
Mailpile,C:\Users\Zhifei Chen\Desktop\pysmell\subjects_for_metrics\Mailpile\mailpile\commands.py,1823,1,,,0,0,0
Mailpile,C:\Users\Zhifei Chen\Desktop\pysmell\subjects_for_metrics\Mailpile\mailpile\commands.py,1824,1,,,0,0,0
Mailpile,C:\Users\Zhifei Chen\Desktop\pysmell\subjects_for_metrics\Mailpile\mailpile\commands.py,1824,1,,,0,0,0
Mailpile,C:\Users\Zhifei Chen\Desktop\pysmell\subjects_for_metrics\Mailpile\mailpile\commands.py,1825,1,,,0,0,0
Mailpile,C:\Users\Zhifei Chen\Desktop\pysmell\subjects_for_metrics\Mailpile\mailpile\commands.py,1826,1,,,0,0,0
Mailpile,C:\Users\Zhifei Chen\Desktop\pysmell\subjects_for_metrics\Mailpile\mailpile\commands.py,1826,1,,,0,0,0
Mailpile,C:\Users\Zhifei Chen\Desktop\pysmell\subjects_for_metrics\Mailpile\mailpile\commands.py,1827,1,,,0,0,0
Mailpile,C:\Users\Zhifei Chen\Desktop\pysmell\subjects_for_metrics\Mailpile\mailpile\commands.py,1827,1,,,0,0,0
Mailpile,C:\Users\Zhifei Chen\Desktop\pysmell\subjects_for_metrics\Mailpile\mailpile\commands.py,1830,1,,,0,0,0
Mailpile,C:\Users\Zhifei Chen\Desktop\pysmell\subjects_for_metrics\Mailpile\mailpile\commands.py,1830,1,,,0,0,0
Mailpile,C:\Users\Zhifei Chen\Desktop\pysmell\subjects_for_metrics\Mailpile\mailpile\commands.py,1832,1,,,0,0,0
Mailpile,C:\Users\Zhifei Chen\Desktop\pysmell\subjects_for_metrics\Mailpile\mailpile\commands.py,1836,1,,,0,0,0
Mailpile,C:\Users\Zhifei Chen\Desktop\pysmell\subjects_for_metrics\Mailpile\mailpile\commands.py,1837,1,,,0,0,0
Mailpile,C:\Users\Zhifei Chen\Desktop\pysmell\subjects_for_metrics\Mailpile\mailpile\commands.py,1878,1,,,0,0,0
Mailpile,C:\Users\Zhifei Chen\Desktop\pysmell\subjects_for_metrics\Mailpile\mailpile\commands.py,1878,2,,,0,0,0
Mailpile,C:\Users\Zhifei Chen\Desktop\pysmell\subjects_for_metrics\Mailpile\mailpile\commands.py,1879,1,,,0,0,0
Mailpile,C:\Users\Zhifei Chen\Desktop\pysmell\subjects_for_metrics\Mailpile\mailpile\commands.py,1938,1,,,0,0,0
Mailpile,C:\Users\Zhifei Chen\Desktop\pysmell\subjects_for_metrics\Mailpile\mailpile\commands.py,1949,1,,,0,0,0
Mailpile,C:\Users\Zhifei Chen\Desktop\pysmell\subjects_for_metrics\Mailpile\mailpile\commands.py,1960,1,,,0,0,0
Mailpile,C:\Users\Zhifei Chen\Desktop\pysmell\subjects_for_metrics\Mailpile\mailpile\commands.py,1962,1,,,0,0,0
Mailpile,C:\Users\Zhifei Chen\Desktop\pysmell\subjects_for_metrics\Mailpile\mailpile\commands.py,1962,1,,,0,0,0
Mailpile,C:\Users\Zhifei Chen\Desktop\pysmell\subjects_for_metrics\Mailpile\mailpile\commands.py,1964,2,,,0,0,0
Mailpile,C:\Users\Zhifei Chen\Desktop\pysmell\subjects_for_metrics\Mailpile\mailpile\commands.py,1989,1,,,0,0,0
Mailpile,C:\Users\Zhifei Chen\Desktop\pysmell\subjects_for_metrics\Mailpile\mailpile\commands.py,1989,1,,,0,0,0
Mailpile,C:\Users\Zhifei Chen\Desktop\pysmell\subjects_for_metrics\Mailpile\mailpile\commands.py,2033,1,,,0,0,0
Mailpile,C:\Users\Zhifei Chen\Desktop\pysmell\subjects_for_metrics\Mailpile\mailpile\commands.py,2034,2,,,0,0,0
Mailpile,C:\Users\Zhifei Chen\Desktop\pysmell\subjects_for_metrics\Mailpile\mailpile\commands.py,2055,1,,,0,0,0
Mailpile,C:\Users\Zhifei Chen\Desktop\pysmell\subjects_for_metrics\Mailpile\mailpile\commands.py,2056,1,,,0,0,0
Mailpile,C:\Users\Zhifei Chen\Desktop\pysmell\subjects_for_metrics\Mailpile\mailpile\commands.py,2080,1,,,0,0,0
Mailpile,C:\Users\Zhifei Chen\Desktop\pysmell\subjects_for_metrics\Mailpile\mailpile\commands.py,2081,1,,,0,0,0
Mailpile,C:\Users\Zhifei Chen\Desktop\pysmell\subjects_for_metrics\Mailpile\mailpile\commands.py,2082,1,,,0,0,0
Mailpile,C:\Users\Zhifei Chen\Desktop\pysmell\subjects_for_metrics\Mailpile\mailpile\commands.py,2083,2,,,0,0,0
Mailpile,C:\Users\Zhifei Chen\Desktop\pysmell\subjects_for_metrics\Mailpile\mailpile\commands.py,2085,1,,,0,0,0
Mailpile,C:\Users\Zhifei Chen\Desktop\pysmell\subjects_for_metrics\Mailpile\mailpile\commands.py,2086,1,,,0,0,0
Mailpile,C:\Users\Zhifei Chen\Desktop\pysmell\subjects_for_metrics\Mailpile\mailpile\commands.py,2087,1,,,0,0,0
Mailpile,C:\Users\Zhifei Chen\Desktop\pysmell\subjects_for_metrics\Mailpile\mailpile\commands.py,2088,1,,,0,0,0
Mailpile,C:\Users\Zhifei Chen\Desktop\pysmell\subjects_for_metrics\Mailpile\mailpile\commands.py,2090,1,,,0,0,0
Mailpile,C:\Users\Zhifei Chen\Desktop\pysmell\subjects_for_metrics\Mailpile\mailpile\commands.py,2136,1,,,0,0,0
Mailpile,C:\Users\Zhifei Chen\Desktop\pysmell\subjects_for_metrics\Mailpile\mailpile\commands.py,2136,1,,,0,0,0
Mailpile,C:\Users\Zhifei Chen\Desktop\pysmell\subjects_for_metrics\Mailpile\mailpile\commands.py,2137,1,,,0,0,0
Mailpile,C:\Users\Zhifei Chen\Desktop\pysmell\subjects_for_metrics\Mailpile\mailpile\commands.py,2139,1,,,0,0,0
Mailpile,C:\Users\Zhifei Chen\Desktop\pysmell\subjects_for_metrics\Mailpile\mailpile\commands.py,2139,1,,,0,0,0
Mailpile,C:\Users\Zhifei Chen\Desktop\pysmell\subjects_for_metrics\Mailpile\mailpile\commands.py,2142,1,,,0,0,0
Mailpile,C:\Users\Zhifei Chen\Desktop\pysmell\subjects_for_metrics\Mailpile\mailpile\commands.py,2143,1,,,0,0,0
Mailpile,C:\Users\Zhifei Chen\Desktop\pysmell\subjects_for_metrics\Mailpile\mailpile\commands.py,2143,2,,,0,0,0
Mailpile,C:\Users\Zhifei Chen\Desktop\pysmell\subjects_for_metrics\Mailpile\mailpile\commands.py,2144,1,,,0,0,0
Mailpile,C:\Users\Zhifei Chen\Desktop\pysmell\subjects_for_metrics\Mailpile\mailpile\commands.py,2145,1,,,0,0,0
Mailpile,C:\Users\Zhifei Chen\Desktop\pysmell\subjects_for_metrics\Mailpile\mailpile\commands.py,2145,2,,,0,0,0
Mailpile,C:\Users\Zhifei Chen\Desktop\pysmell\subjects_for_metrics\Mailpile\mailpile\commands.py,2146,1,,,0,0,0
Mailpile,C:\Users\Zhifei Chen\Desktop\pysmell\subjects_for_metrics\Mailpile\mailpile\commands.py,2147,1,,,0,0,0
Mailpile,C:\Users\Zhifei Chen\Desktop\pysmell\subjects_for_metrics\Mailpile\mailpile\commands.py,2147,2,,,0,0,0
Mailpile,C:\Users\Zhifei Chen\Desktop\pysmell\subjects_for_metrics\Mailpile\mailpile\commands.py,2149,1,,,0,0,0
Mailpile,C:\Users\Zhifei Chen\Desktop\pysmell\subjects_for_metrics\Mailpile\mailpile\commands.py,2150,1,,,0,0,0
Mailpile,C:\Users\Zhifei Chen\Desktop\pysmell\subjects_for_metrics\Mailpile\mailpile\commands.py,2151,1,,,0,0,0
Mailpile,C:\Users\Zhifei Chen\Desktop\pysmell\subjects_for_metrics\Mailpile\mailpile\commands.py,2161,1,,,0,0,0
Mailpile,C:\Users\Zhifei Chen\Desktop\pysmell\subjects_for_metrics\Mailpile\mailpile\commands.py,2162,1,,,0,0,0
Mailpile,C:\Users\Zhifei Chen\Desktop\pysmell\subjects_for_metrics\Mailpile\mailpile\commands.py,2163,1,,,0,0,0
Mailpile,C:\Users\Zhifei Chen\Desktop\pysmell\subjects_for_metrics\Mailpile\mailpile\commands.py,2175,2,,,0,0,0
Mailpile,C:\Users\Zhifei Chen\Desktop\pysmell\subjects_for_metrics\Mailpile\mailpile\commands.py,2177,1,,,0,0,0
Mailpile,C:\Users\Zhifei Chen\Desktop\pysmell\subjects_for_metrics\Mailpile\mailpile\commands.py,2181,1,,,0,0,0
Mailpile,C:\Users\Zhifei Chen\Desktop\pysmell\subjects_for_metrics\Mailpile\mailpile\commands.py,2182,1,,,0,0,0
Mailpile,C:\Users\Zhifei Chen\Desktop\pysmell\subjects_for_metrics\Mailpile\mailpile\commands.py,2237,1,,,0,0,0
Mailpile,C:\Users\Zhifei Chen\Desktop\pysmell\subjects_for_metrics\Mailpile\mailpile\commands.py,2252,1,,,0,0,0
Mailpile,C:\Users\Zhifei Chen\Desktop\pysmell\subjects_for_metrics\Mailpile\mailpile\commands.py,2257,1,,,0,0,0
Mailpile,C:\Users\Zhifei Chen\Desktop\pysmell\subjects_for_metrics\Mailpile\mailpile\commands.py,2282,1,,,0,0,0
Mailpile,C:\Users\Zhifei Chen\Desktop\pysmell\subjects_for_metrics\Mailpile\mailpile\commands.py,2282,2,,,0,0,0
Mailpile,C:\Users\Zhifei Chen\Desktop\pysmell\subjects_for_metrics\Mailpile\mailpile\commands.py,2290,1,,,0,0,0
Mailpile,C:\Users\Zhifei Chen\Desktop\pysmell\subjects_for_metrics\Mailpile\mailpile\commands.py,2294,,2,1,0,0,0
Mailpile,C:\Users\Zhifei Chen\Desktop\pysmell\subjects_for_metrics\Mailpile\mailpile\commands.py,2297,,2,1,0,0,0
Mailpile,C:\Users\Zhifei Chen\Desktop\pysmell\subjects_for_metrics\Mailpile\mailpile\commands.py,2361,1,,,0,0,0
Mailpile,C:\Users\Zhifei Chen\Desktop\pysmell\subjects_for_metrics\Mailpile\mailpile\commands.py,2363,,2,1,0,0,0
Mailpile,C:\Users\Zhifei Chen\Desktop\pysmell\subjects_for_metrics\Mailpile\mailpile\commands.py,2366,1,,,0,0,0
Mailpile,C:\Users\Zhifei Chen\Desktop\pysmell\subjects_for_metrics\Mailpile\mailpile\commands.py,2367,1,,,0,0,0
Mailpile,C:\Users\Zhifei Chen\Desktop\pysmell\subjects_for_metrics\Mailpile\mailpile\commands.py,2370,1,,,0,0,0
Mailpile,C:\Users\Zhifei Chen\Desktop\pysmell\subjects_for_metrics\Mailpile\mailpile\commands.py,2370,1,,,0,0,0
Mailpile,C:\Users\Zhifei Chen\Desktop\pysmell\subjects_for_metrics\Mailpile\mailpile\commands.py,2371,1,,,0,0,0
Mailpile,C:\Users\Zhifei Chen\Desktop\pysmell\subjects_for_metrics\Mailpile\mailpile\commands.py,2375,1,,,0,0,0
Mailpile,C:\Users\Zhifei Chen\Desktop\pysmell\subjects_for_metrics\Mailpile\mailpile\commands.py,2385,1,,,0,0,0
Mailpile,C:\Users\Zhifei Chen\Desktop\pysmell\subjects_for_metrics\Mailpile\mailpile\commands.py,2416,1,,,0,0,0
Mailpile,C:\Users\Zhifei Chen\Desktop\pysmell\subjects_for_metrics\Mailpile\mailpile\commands.py,2436,1,,,0,0,0
Mailpile,C:\Users\Zhifei Chen\Desktop\pysmell\subjects_for_metrics\Mailpile\mailpile\commands.py,2437,1,,,0,0,0
Mailpile,C:\Users\Zhifei Chen\Desktop\pysmell\subjects_for_metrics\Mailpile\mailpile\commands.py,2437,1,,,0,0,0
Mailpile,C:\Users\Zhifei Chen\Desktop\pysmell\subjects_for_metrics\Mailpile\mailpile\commands.py,2439,,2,1,0,0,0
Mailpile,C:\Users\Zhifei Chen\Desktop\pysmell\subjects_for_metrics\Mailpile\mailpile\commands.py,2439,1,,,0,0,0
Mailpile,C:\Users\Zhifei Chen\Desktop\pysmell\subjects_for_metrics\Mailpile\mailpile\commands.py,2439,1,,,0,0,0
Mailpile,C:\Users\Zhifei Chen\Desktop\pysmell\subjects_for_metrics\Mailpile\mailpile\commands.py,2439,1,,,0,0,0
Mailpile,C:\Users\Zhifei Chen\Desktop\pysmell\subjects_for_metrics\Mailpile\mailpile\commands.py,2454,1,,,0,0,0
Mailpile,C:\Users\Zhifei Chen\Desktop\pysmell\subjects_for_metrics\Mailpile\mailpile\commands.py,2456,1,,,0,0,0
Mailpile,C:\Users\Zhifei Chen\Desktop\pysmell\subjects_for_metrics\Mailpile\mailpile\commands.py,2457,1,,,0,0,0
Mailpile,C:\Users\Zhifei Chen\Desktop\pysmell\subjects_for_metrics\Mailpile\mailpile\commands.py,2461,1,,,0,0,0
Mailpile,C:\Users\Zhifei Chen\Desktop\pysmell\subjects_for_metrics\Mailpile\mailpile\commands.py,2464,1,,,0,0,0
Mailpile,C:\Users\Zhifei Chen\Desktop\pysmell\subjects_for_metrics\Mailpile\mailpile\commands.py,2466,,2,1,0,0,0
Mailpile,C:\Users\Zhifei Chen\Desktop\pysmell\subjects_for_metrics\Mailpile\mailpile\commands.py,2485,1,,,0,0,0
Mailpile,C:\Users\Zhifei Chen\Desktop\pysmell\subjects_for_metrics\Mailpile\mailpile\commands.py,2485,1,,,0,0,0
Mailpile,C:\Users\Zhifei Chen\Desktop\pysmell\subjects_for_metrics\Mailpile\mailpile\commands.py,2563,1,,,0,0,0
Mailpile,C:\Users\Zhifei Chen\Desktop\pysmell\subjects_for_metrics\Mailpile\mailpile\commands.py,2566,1,,,0,0,0
Mailpile,C:\Users\Zhifei Chen\Desktop\pysmell\subjects_for_metrics\Mailpile\mailpile\commands.py,2568,1,,,0,0,0
Mailpile,C:\Users\Zhifei Chen\Desktop\pysmell\subjects_for_metrics\Mailpile\mailpile\commands.py,2575,1,,,0,0,0
Mailpile,C:\Users\Zhifei Chen\Desktop\pysmell\subjects_for_metrics\Mailpile\mailpile\commands.py,2580,1,,,0,0,0
Mailpile,C:\Users\Zhifei Chen\Desktop\pysmell\subjects_for_metrics\Mailpile\mailpile\commands.py,2580,1,,,0,0,0
Mailpile,C:\Users\Zhifei Chen\Desktop\pysmell\subjects_for_metrics\Mailpile\mailpile\commands.py,2582,1,,,0,0,0
Mailpile,C:\Users\Zhifei Chen\Desktop\pysmell\subjects_for_metrics\Mailpile\mailpile\commands.py,2583,1,,,0,0,0
Mailpile,C:\Users\Zhifei Chen\Desktop\pysmell\subjects_for_metrics\Mailpile\mailpile\commands.py,2590,1,,,0,0,0
Mailpile,C:\Users\Zhifei Chen\Desktop\pysmell\subjects_for_metrics\Mailpile\mailpile\commands.py,2591,1,,,0,0,0
Mailpile,C:\Users\Zhifei Chen\Desktop\pysmell\subjects_for_metrics\Mailpile\mailpile\commands.py,2591,1,,,0,0,0
Mailpile,C:\Users\Zhifei Chen\Desktop\pysmell\subjects_for_metrics\Mailpile\mailpile\commands.py,2592,1,,,0,0,0
Mailpile,C:\Users\Zhifei Chen\Desktop\pysmell\subjects_for_metrics\Mailpile\mailpile\commands.py,2593,1,,,0,0,0
Mailpile,C:\Users\Zhifei Chen\Desktop\pysmell\subjects_for_metrics\Mailpile\mailpile\commands.py,2596,1,,,0,0,0
Mailpile,C:\Users\Zhifei Chen\Desktop\pysmell\subjects_for_metrics\Mailpile\mailpile\commands.py,2597,1,,,0,0,0
Mailpile,C:\Users\Zhifei Chen\Desktop\pysmell\subjects_for_metrics\Mailpile\mailpile\commands.py,2598,1,,,0,0,0
Mailpile,C:\Users\Zhifei Chen\Desktop\pysmell\subjects_for_metrics\Mailpile\mailpile\commands.py,2605,1,,,0,0,0
Mailpile,C:\Users\Zhifei Chen\Desktop\pysmell\subjects_for_metrics\Mailpile\mailpile\commands.py,2608,2,,,0,0,0
Mailpile,C:\Users\Zhifei Chen\Desktop\pysmell\subjects_for_metrics\Mailpile\mailpile\commands.py,2608,2,,,0,0,0
Mailpile,C:\Users\Zhifei Chen\Desktop\pysmell\subjects_for_metrics\Mailpile\mailpile\commands.py,2611,1,,,0,0,0
Mailpile,C:\Users\Zhifei Chen\Desktop\pysmell\subjects_for_metrics\Mailpile\mailpile\commands.py,2617,1,,,0,0,0
Mailpile,C:\Users\Zhifei Chen\Desktop\pysmell\subjects_for_metrics\Mailpile\mailpile\commands.py,2620,1,,,0,0,0
Mailpile,C:\Users\Zhifei Chen\Desktop\pysmell\subjects_for_metrics\Mailpile\mailpile\commands.py,2633,1,,,0,0,0
Mailpile,C:\Users\Zhifei Chen\Desktop\pysmell\subjects_for_metrics\Mailpile\mailpile\commands.py,2640,1,,,0,0,0
Mailpile,C:\Users\Zhifei Chen\Desktop\pysmell\subjects_for_metrics\Mailpile\mailpile\commands.py,2658,1,,,0,0,0
Mailpile,C:\Users\Zhifei Chen\Desktop\pysmell\subjects_for_metrics\Mailpile\mailpile\commands.py,2660,1,,,0,0,0
Mailpile,C:\Users\Zhifei Chen\Desktop\pysmell\subjects_for_metrics\Mailpile\mailpile\commands.py,2660,1,,,0,0,0
Mailpile,C:\Users\Zhifei Chen\Desktop\pysmell\subjects_for_metrics\Mailpile\mailpile\commands.py,2664,,2,1,0,0,0
Mailpile,C:\Users\Zhifei Chen\Desktop\pysmell\subjects_for_metrics\Mailpile\mailpile\commands.py,2664,1,,,0,0,0
Mailpile,C:\Users\Zhifei Chen\Desktop\pysmell\subjects_for_metrics\Mailpile\mailpile\commands.py,2667,1,,,0,0,0
Mailpile,C:\Users\Zhifei Chen\Desktop\pysmell\subjects_for_metrics\Mailpile\mailpile\commands.py,2667,1,,,0,0,0
Mailpile,C:\Users\Zhifei Chen\Desktop\pysmell\subjects_for_metrics\Mailpile\mailpile\commands.py,2670,1,,,0,0,0
Mailpile,C:\Users\Zhifei Chen\Desktop\pysmell\subjects_for_metrics\Mailpile\mailpile\commands.py,2672,1,,,0,0,0
Mailpile,C:\Users\Zhifei Chen\Desktop\pysmell\subjects_for_metrics\Mailpile\mailpile\commands.py,2690,1,,,0,0,0
Mailpile,C:\Users\Zhifei Chen\Desktop\pysmell\subjects_for_metrics\Mailpile\mailpile\commands.py,2691,1,,,0,0,0
Mailpile,C:\Users\Zhifei Chen\Desktop\pysmell\subjects_for_metrics\Mailpile\mailpile\commands.py,2692,1,,,0,0,0
Mailpile,C:\Users\Zhifei Chen\Desktop\pysmell\subjects_for_metrics\Mailpile\mailpile\commands.py,2694,1,,,0,0,0
Mailpile,C:\Users\Zhifei Chen\Desktop\pysmell\subjects_for_metrics\Mailpile\mailpile\commands.py,2732,1,,,0,0,0
Mailpile,C:\Users\Zhifei Chen\Desktop\pysmell\subjects_for_metrics\Mailpile\mailpile\commands.py,2733,1,,,0,0,0
Mailpile,C:\Users\Zhifei Chen\Desktop\pysmell\subjects_for_metrics\Mailpile\mailpile\commands.py,2734,1,,,0,0,0
Mailpile,C:\Users\Zhifei Chen\Desktop\pysmell\subjects_for_metrics\Mailpile\mailpile\commands.py,2736,1,,,0,0,0
Mailpile,C:\Users\Zhifei Chen\Desktop\pysmell\subjects_for_metrics\Mailpile\mailpile\commands.py,2737,1,,,0,0,0
Mailpile,C:\Users\Zhifei Chen\Desktop\pysmell\subjects_for_metrics\Mailpile\mailpile\commands.py,2737,1,,,0,0,0
Mailpile,C:\Users\Zhifei Chen\Desktop\pysmell\subjects_for_metrics\Mailpile\mailpile\commands.py,2738,1,,,0,0,0
Mailpile,C:\Users\Zhifei Chen\Desktop\pysmell\subjects_for_metrics\Mailpile\mailpile\commands.py,2740,1,,,0,0,0
Mailpile,C:\Users\Zhifei Chen\Desktop\pysmell\subjects_for_metrics\Mailpile\mailpile\commands.py,2744,1,,,0,0,0
Mailpile,C:\Users\Zhifei Chen\Desktop\pysmell\subjects_for_metrics\Mailpile\mailpile\commands.py,2746,1,,,0,0,0
Mailpile,C:\Users\Zhifei Chen\Desktop\pysmell\subjects_for_metrics\Mailpile\mailpile\commands.py,2749,2,,,0,0,0
Mailpile,C:\Users\Zhifei Chen\Desktop\pysmell\subjects_for_metrics\Mailpile\mailpile\commands.py,2752,2,,,0,0,0
Mailpile,C:\Users\Zhifei Chen\Desktop\pysmell\subjects_for_metrics\Mailpile\mailpile\commands.py,2752,1,,,0,0,0
Mailpile,C:\Users\Zhifei Chen\Desktop\pysmell\subjects_for_metrics\Mailpile\mailpile\commands.py,2770,1,,,0,0,0
Mailpile,C:\Users\Zhifei Chen\Desktop\pysmell\subjects_for_metrics\Mailpile\mailpile\commands.py,2782,1,,,0,0,0
Mailpile,C:\Users\Zhifei Chen\Desktop\pysmell\subjects_for_metrics\Mailpile\mailpile\commands.py,2789,1,,,0,0,0
Mailpile,C:\Users\Zhifei Chen\Desktop\pysmell\subjects_for_metrics\Mailpile\mailpile\commands.py,2791,1,,,0,0,0
Mailpile,C:\Users\Zhifei Chen\Desktop\pysmell\subjects_for_metrics\Mailpile\mailpile\command_cache.py,57,1,,,0,0,0
Mailpile,C:\Users\Zhifei Chen\Desktop\pysmell\subjects_for_metrics\Mailpile\mailpile\command_cache.py,63,1,,,0,0,0
Mailpile,C:\Users\Zhifei Chen\Desktop\pysmell\subjects_for_metrics\Mailpile\mailpile\command_cache.py,73,1,,,0,0,0
Mailpile,C:\Users\Zhifei Chen\Desktop\pysmell\subjects_for_metrics\Mailpile\mailpile\command_cache.py,99,2,,,0,0,0
Mailpile,C:\Users\Zhifei Chen\Desktop\pysmell\subjects_for_metrics\Mailpile\mailpile\command_cache.py,101,1,,,0,0,0
Mailpile,C:\Users\Zhifei Chen\Desktop\pysmell\subjects_for_metrics\Mailpile\mailpile\command_cache.py,111,2,,,0,0,0
Mailpile,C:\Users\Zhifei Chen\Desktop\pysmell\subjects_for_metrics\Mailpile\mailpile\config.py,95,1,,,0,0,0
Mailpile,C:\Users\Zhifei Chen\Desktop\pysmell\subjects_for_metrics\Mailpile\mailpile\config.py,215,1,,,0,0,0
Mailpile,C:\Users\Zhifei Chen\Desktop\pysmell\subjects_for_metrics\Mailpile\mailpile\config.py,223,1,,,0,0,0
Mailpile,C:\Users\Zhifei Chen\Desktop\pysmell\subjects_for_metrics\Mailpile\mailpile\config.py,453,1,,,0,0,0
Mailpile,C:\Users\Zhifei Chen\Desktop\pysmell\subjects_for_metrics\Mailpile\mailpile\config.py,650,1,,,0,0,0
Mailpile,C:\Users\Zhifei Chen\Desktop\pysmell\subjects_for_metrics\Mailpile\mailpile\config.py,675,1,,,0,0,0
Mailpile,C:\Users\Zhifei Chen\Desktop\pysmell\subjects_for_metrics\Mailpile\mailpile\config.py,676,1,,,0,0,0
Mailpile,C:\Users\Zhifei Chen\Desktop\pysmell\subjects_for_metrics\Mailpile\mailpile\config.py,699,1,,,0,0,0
Mailpile,C:\Users\Zhifei Chen\Desktop\pysmell\subjects_for_metrics\Mailpile\mailpile\config.py,701,2,,,0,0,0
Mailpile,C:\Users\Zhifei Chen\Desktop\pysmell\subjects_for_metrics\Mailpile\mailpile\config.py,704,1,,,0,0,0
Mailpile,C:\Users\Zhifei Chen\Desktop\pysmell\subjects_for_metrics\Mailpile\mailpile\config.py,714,1,,,0,0,0
Mailpile,C:\Users\Zhifei Chen\Desktop\pysmell\subjects_for_metrics\Mailpile\mailpile\config.py,715,1,,,0,0,0
Mailpile,C:\Users\Zhifei Chen\Desktop\pysmell\subjects_for_metrics\Mailpile\mailpile\config.py,735,1,,,0,0,0
Mailpile,C:\Users\Zhifei Chen\Desktop\pysmell\subjects_for_metrics\Mailpile\mailpile\config.py,739,1,,,0,0,0
Mailpile,C:\Users\Zhifei Chen\Desktop\pysmell\subjects_for_metrics\Mailpile\mailpile\config.py,740,1,,,0,0,0
Mailpile,C:\Users\Zhifei Chen\Desktop\pysmell\subjects_for_metrics\Mailpile\mailpile\config.py,748,1,,,0,0,0
Mailpile,C:\Users\Zhifei Chen\Desktop\pysmell\subjects_for_metrics\Mailpile\mailpile\config.py,749,1,,,0,0,0
Mailpile,C:\Users\Zhifei Chen\Desktop\pysmell\subjects_for_metrics\Mailpile\mailpile\config.py,765,,2,1,0,0,0
Mailpile,C:\Users\Zhifei Chen\Desktop\pysmell\subjects_for_metrics\Mailpile\mailpile\config.py,765,1,,,0,0,0
Mailpile,C:\Users\Zhifei Chen\Desktop\pysmell\subjects_for_metrics\Mailpile\mailpile\config.py,768,1,,,0,0,0
Mailpile,C:\Users\Zhifei Chen\Desktop\pysmell\subjects_for_metrics\Mailpile\mailpile\config.py,774,,2,1,0,0,0
Mailpile,C:\Users\Zhifei Chen\Desktop\pysmell\subjects_for_metrics\Mailpile\mailpile\config.py,774,1,,,0,0,0
Mailpile,C:\Users\Zhifei Chen\Desktop\pysmell\subjects_for_metrics\Mailpile\mailpile\config.py,777,1,,,0,0,0
Mailpile,C:\Users\Zhifei Chen\Desktop\pysmell\subjects_for_metrics\Mailpile\mailpile\config.py,795,1,,,0,0,0
Mailpile,C:\Users\Zhifei Chen\Desktop\pysmell\subjects_for_metrics\Mailpile\mailpile\config.py,799,1,,,0,0,0
Mailpile,C:\Users\Zhifei Chen\Desktop\pysmell\subjects_for_metrics\Mailpile\mailpile\config.py,800,1,,,0,0,0
Mailpile,C:\Users\Zhifei Chen\Desktop\pysmell\subjects_for_metrics\Mailpile\mailpile\config.py,801,1,,,0,0,0
Mailpile,C:\Users\Zhifei Chen\Desktop\pysmell\subjects_for_metrics\Mailpile\mailpile\config.py,804,1,,,0,0,0
Mailpile,C:\Users\Zhifei Chen\Desktop\pysmell\subjects_for_metrics\Mailpile\mailpile\config.py,805,1,,,0,0,0
Mailpile,C:\Users\Zhifei Chen\Desktop\pysmell\subjects_for_metrics\Mailpile\mailpile\config.py,810,2,,,0,0,0
Mailpile,C:\Users\Zhifei Chen\Desktop\pysmell\subjects_for_metrics\Mailpile\mailpile\config.py,820,1,,,0,0,0
Mailpile,C:\Users\Zhifei Chen\Desktop\pysmell\subjects_for_metrics\Mailpile\mailpile\config.py,821,1,,,0,0,0
Mailpile,C:\Users\Zhifei Chen\Desktop\pysmell\subjects_for_metrics\Mailpile\mailpile\config.py,828,1,,,0,0,0
Mailpile,C:\Users\Zhifei Chen\Desktop\pysmell\subjects_for_metrics\Mailpile\mailpile\config.py,839,2,,,0,0,0
Mailpile,C:\Users\Zhifei Chen\Desktop\pysmell\subjects_for_metrics\Mailpile\mailpile\config.py,867,1,,,0,0,0
Mailpile,C:\Users\Zhifei Chen\Desktop\pysmell\subjects_for_metrics\Mailpile\mailpile\config.py,883,1,,,0,0,0
Mailpile,C:\Users\Zhifei Chen\Desktop\pysmell\subjects_for_metrics\Mailpile\mailpile\config.py,886,1,,,0,0,0
Mailpile,C:\Users\Zhifei Chen\Desktop\pysmell\subjects_for_metrics\Mailpile\mailpile\config.py,893,1,,,0,0,0
Mailpile,C:\Users\Zhifei Chen\Desktop\pysmell\subjects_for_metrics\Mailpile\mailpile\config.py,896,1,,,0,0,0
Mailpile,C:\Users\Zhifei Chen\Desktop\pysmell\subjects_for_metrics\Mailpile\mailpile\config.py,898,2,,,0,0,0
Mailpile,C:\Users\Zhifei Chen\Desktop\pysmell\subjects_for_metrics\Mailpile\mailpile\config.py,962,1,,,0,0,0
Mailpile,C:\Users\Zhifei Chen\Desktop\pysmell\subjects_for_metrics\Mailpile\mailpile\config.py,966,2,,,0,0,0
Mailpile,C:\Users\Zhifei Chen\Desktop\pysmell\subjects_for_metrics\Mailpile\mailpile\config.py,1006,1,,,0,0,0
Mailpile,C:\Users\Zhifei Chen\Desktop\pysmell\subjects_for_metrics\Mailpile\mailpile\config.py,1013,1,,,0,0,0
Mailpile,C:\Users\Zhifei Chen\Desktop\pysmell\subjects_for_metrics\Mailpile\mailpile\config.py,1022,1,,,0,0,0
Mailpile,C:\Users\Zhifei Chen\Desktop\pysmell\subjects_for_metrics\Mailpile\mailpile\config.py,1028,1,,,0,0,0
Mailpile,C:\Users\Zhifei Chen\Desktop\pysmell\subjects_for_metrics\Mailpile\mailpile\config.py,1028,1,,,0,0,0
Mailpile,C:\Users\Zhifei Chen\Desktop\pysmell\subjects_for_metrics\Mailpile\mailpile\config.py,1030,1,,,0,0,0
Mailpile,C:\Users\Zhifei Chen\Desktop\pysmell\subjects_for_metrics\Mailpile\mailpile\config.py,1128,1,,,0,0,0
Mailpile,C:\Users\Zhifei Chen\Desktop\pysmell\subjects_for_metrics\Mailpile\mailpile\config.py,1129,1,,,0,0,0
Mailpile,C:\Users\Zhifei Chen\Desktop\pysmell\subjects_for_metrics\Mailpile\mailpile\config.py,1141,1,,,0,0,0
Mailpile,C:\Users\Zhifei Chen\Desktop\pysmell\subjects_for_metrics\Mailpile\mailpile\config.py,1151,1,,,0,0,0
Mailpile,C:\Users\Zhifei Chen\Desktop\pysmell\subjects_for_metrics\Mailpile\mailpile\config.py,1151,1,,,0,0,0
Mailpile,C:\Users\Zhifei Chen\Desktop\pysmell\subjects_for_metrics\Mailpile\mailpile\config.py,1154,1,,,0,0,0
Mailpile,C:\Users\Zhifei Chen\Desktop\pysmell\subjects_for_metrics\Mailpile\mailpile\config.py,1156,1,,,0,0,0
Mailpile,C:\Users\Zhifei Chen\Desktop\pysmell\subjects_for_metrics\Mailpile\mailpile\config.py,1156,1,,,0,0,0
Mailpile,C:\Users\Zhifei Chen\Desktop\pysmell\subjects_for_metrics\Mailpile\mailpile\config.py,1160,,2,1,0,0,0
Mailpile,C:\Users\Zhifei Chen\Desktop\pysmell\subjects_for_metrics\Mailpile\mailpile\config.py,1181,1,,,0,0,0
Mailpile,C:\Users\Zhifei Chen\Desktop\pysmell\subjects_for_metrics\Mailpile\mailpile\config.py,1339,1,,,0,0,0
Mailpile,C:\Users\Zhifei Chen\Desktop\pysmell\subjects_for_metrics\Mailpile\mailpile\config.py,1339,1,,,0,0,0
Mailpile,C:\Users\Zhifei Chen\Desktop\pysmell\subjects_for_metrics\Mailpile\mailpile\config.py,1344,1,,,0,0,0
Mailpile,C:\Users\Zhifei Chen\Desktop\pysmell\subjects_for_metrics\Mailpile\mailpile\config.py,1346,1,,,0,0,0
Mailpile,C:\Users\Zhifei Chen\Desktop\pysmell\subjects_for_metrics\Mailpile\mailpile\config.py,1347,1,,,0,0,0
Mailpile,C:\Users\Zhifei Chen\Desktop\pysmell\subjects_for_metrics\Mailpile\mailpile\config.py,1385,1,,,0,0,0
Mailpile,C:\Users\Zhifei Chen\Desktop\pysmell\subjects_for_metrics\Mailpile\mailpile\config.py,1388,1,,,0,0,0
Mailpile,C:\Users\Zhifei Chen\Desktop\pysmell\subjects_for_metrics\Mailpile\mailpile\config.py,1403,2,,,0,0,0
Mailpile,C:\Users\Zhifei Chen\Desktop\pysmell\subjects_for_metrics\Mailpile\mailpile\config.py,1404,2,,,0,0,0
Mailpile,C:\Users\Zhifei Chen\Desktop\pysmell\subjects_for_metrics\Mailpile\mailpile\config.py,1439,2,,,0,0,0
Mailpile,C:\Users\Zhifei Chen\Desktop\pysmell\subjects_for_metrics\Mailpile\mailpile\config.py,1456,1,,,0,0,0
Mailpile,C:\Users\Zhifei Chen\Desktop\pysmell\subjects_for_metrics\Mailpile\mailpile\config.py,1458,1,,,0,0,0
Mailpile,C:\Users\Zhifei Chen\Desktop\pysmell\subjects_for_metrics\Mailpile\mailpile\config.py,1458,1,,,0,0,0
Mailpile,C:\Users\Zhifei Chen\Desktop\pysmell\subjects_for_metrics\Mailpile\mailpile\config.py,1502,2,,,0,0,0
Mailpile,C:\Users\Zhifei Chen\Desktop\pysmell\subjects_for_metrics\Mailpile\mailpile\config.py,1528,1,,,0,0,0
Mailpile,C:\Users\Zhifei Chen\Desktop\pysmell\subjects_for_metrics\Mailpile\mailpile\config.py,1593,1,,,0,0,0
Mailpile,C:\Users\Zhifei Chen\Desktop\pysmell\subjects_for_metrics\Mailpile\mailpile\config.py,1643,1,,,0,0,0
Mailpile,C:\Users\Zhifei Chen\Desktop\pysmell\subjects_for_metrics\Mailpile\mailpile\config.py,1644,1,,,0,0,0
Mailpile,C:\Users\Zhifei Chen\Desktop\pysmell\subjects_for_metrics\Mailpile\mailpile\config.py,1644,1,,,0,0,0
Mailpile,C:\Users\Zhifei Chen\Desktop\pysmell\subjects_for_metrics\Mailpile\mailpile\config.py,1644,1,,,0,0,0
Mailpile,C:\Users\Zhifei Chen\Desktop\pysmell\subjects_for_metrics\Mailpile\mailpile\config.py,1645,1,,,0,0,0
Mailpile,C:\Users\Zhifei Chen\Desktop\pysmell\subjects_for_metrics\Mailpile\mailpile\config.py,1646,1,,,0,0,0
Mailpile,C:\Users\Zhifei Chen\Desktop\pysmell\subjects_for_metrics\Mailpile\mailpile\config.py,1646,1,,,0,0,0
Mailpile,C:\Users\Zhifei Chen\Desktop\pysmell\subjects_for_metrics\Mailpile\mailpile\config.py,1646,1,,,0,0,0
Mailpile,C:\Users\Zhifei Chen\Desktop\pysmell\subjects_for_metrics\Mailpile\mailpile\config.py,1649,1,,,0,0,0
Mailpile,C:\Users\Zhifei Chen\Desktop\pysmell\subjects_for_metrics\Mailpile\mailpile\config.py,1674,1,,,0,0,0
Mailpile,C:\Users\Zhifei Chen\Desktop\pysmell\subjects_for_metrics\Mailpile\mailpile\config.py,1675,1,,,0,0,0
Mailpile,C:\Users\Zhifei Chen\Desktop\pysmell\subjects_for_metrics\Mailpile\mailpile\config.py,1676,1,,,0,0,0
Mailpile,C:\Users\Zhifei Chen\Desktop\pysmell\subjects_for_metrics\Mailpile\mailpile\config.py,1683,1,,,0,0,0
Mailpile,C:\Users\Zhifei Chen\Desktop\pysmell\subjects_for_metrics\Mailpile\mailpile\config.py,1684,1,,,0,0,0
Mailpile,C:\Users\Zhifei Chen\Desktop\pysmell\subjects_for_metrics\Mailpile\mailpile\config.py,1687,1,,,0,0,0
Mailpile,C:\Users\Zhifei Chen\Desktop\pysmell\subjects_for_metrics\Mailpile\mailpile\config.py,1756,1,,,0,0,0
Mailpile,C:\Users\Zhifei Chen\Desktop\pysmell\subjects_for_metrics\Mailpile\mailpile\config.py,1756,1,,,0,0,0
Mailpile,C:\Users\Zhifei Chen\Desktop\pysmell\subjects_for_metrics\Mailpile\mailpile\config.py,1761,1,,,0,0,0
Mailpile,C:\Users\Zhifei Chen\Desktop\pysmell\subjects_for_metrics\Mailpile\mailpile\config.py,1763,1,,,0,0,0
Mailpile,C:\Users\Zhifei Chen\Desktop\pysmell\subjects_for_metrics\Mailpile\mailpile\config.py,1768,1,,,0,0,0
Mailpile,C:\Users\Zhifei Chen\Desktop\pysmell\subjects_for_metrics\Mailpile\mailpile\config.py,1774,1,,,0,0,0
Mailpile,C:\Users\Zhifei Chen\Desktop\pysmell\subjects_for_metrics\Mailpile\mailpile\config.py,1776,1,,,0,0,0
Mailpile,C:\Users\Zhifei Chen\Desktop\pysmell\subjects_for_metrics\Mailpile\mailpile\config.py,1777,1,,,0,0,0
Mailpile,C:\Users\Zhifei Chen\Desktop\pysmell\subjects_for_metrics\Mailpile\mailpile\config.py,1778,1,,,0,0,0
Mailpile,C:\Users\Zhifei Chen\Desktop\pysmell\subjects_for_metrics\Mailpile\mailpile\config.py,1783,1,,,0,0,0
Mailpile,C:\Users\Zhifei Chen\Desktop\pysmell\subjects_for_metrics\Mailpile\mailpile\config.py,1785,1,,,0,0,0
Mailpile,C:\Users\Zhifei Chen\Desktop\pysmell\subjects_for_metrics\Mailpile\mailpile\config.py,1785,1,,,0,0,0
Mailpile,C:\Users\Zhifei Chen\Desktop\pysmell\subjects_for_metrics\Mailpile\mailpile\config.py,1786,1,,,0,0,0
Mailpile,C:\Users\Zhifei Chen\Desktop\pysmell\subjects_for_metrics\Mailpile\mailpile\config.py,1798,1,,,0,0,0
Mailpile,C:\Users\Zhifei Chen\Desktop\pysmell\subjects_for_metrics\Mailpile\mailpile\config.py,1798,1,,,0,0,0
Mailpile,C:\Users\Zhifei Chen\Desktop\pysmell\subjects_for_metrics\Mailpile\mailpile\config.py,1808,1,,,0,0,0
Mailpile,C:\Users\Zhifei Chen\Desktop\pysmell\subjects_for_metrics\Mailpile\mailpile\config.py,1808,1,,,0,0,0
Mailpile,C:\Users\Zhifei Chen\Desktop\pysmell\subjects_for_metrics\Mailpile\mailpile\config.py,1809,1,,,0,0,0
Mailpile,C:\Users\Zhifei Chen\Desktop\pysmell\subjects_for_metrics\Mailpile\mailpile\config.py,1811,,2,1,0,0,0
Mailpile,C:\Users\Zhifei Chen\Desktop\pysmell\subjects_for_metrics\Mailpile\mailpile\config.py,1815,1,,,0,0,0
Mailpile,C:\Users\Zhifei Chen\Desktop\pysmell\subjects_for_metrics\Mailpile\mailpile\config.py,1817,1,,,0,0,0
Mailpile,C:\Users\Zhifei Chen\Desktop\pysmell\subjects_for_metrics\Mailpile\mailpile\config.py,1821,1,,,0,0,0
Mailpile,C:\Users\Zhifei Chen\Desktop\pysmell\subjects_for_metrics\Mailpile\mailpile\config.py,1826,1,,,0,0,0
Mailpile,C:\Users\Zhifei Chen\Desktop\pysmell\subjects_for_metrics\Mailpile\mailpile\config.py,1827,1,,,0,0,0
Mailpile,C:\Users\Zhifei Chen\Desktop\pysmell\subjects_for_metrics\Mailpile\mailpile\config.py,1827,1,,,0,0,0
Mailpile,C:\Users\Zhifei Chen\Desktop\pysmell\subjects_for_metrics\Mailpile\mailpile\config.py,1830,1,,,0,0,0
Mailpile,C:\Users\Zhifei Chen\Desktop\pysmell\subjects_for_metrics\Mailpile\mailpile\config.py,1832,1,,,0,0,0
Mailpile,C:\Users\Zhifei Chen\Desktop\pysmell\subjects_for_metrics\Mailpile\mailpile\config.py,1832,1,,,0,0,0
Mailpile,C:\Users\Zhifei Chen\Desktop\pysmell\subjects_for_metrics\Mailpile\mailpile\config.py,1832,1,,,0,0,0
Mailpile,C:\Users\Zhifei Chen\Desktop\pysmell\subjects_for_metrics\Mailpile\mailpile\config.py,1840,1,,,0,0,0
Mailpile,C:\Users\Zhifei Chen\Desktop\pysmell\subjects_for_metrics\Mailpile\mailpile\config.py,1844,1,,,0,0,0
Mailpile,C:\Users\Zhifei Chen\Desktop\pysmell\subjects_for_metrics\Mailpile\mailpile\config.py,1845,1,,,0,0,0
Mailpile,C:\Users\Zhifei Chen\Desktop\pysmell\subjects_for_metrics\Mailpile\mailpile\config.py,1845,1,,,0,0,0
Mailpile,C:\Users\Zhifei Chen\Desktop\pysmell\subjects_for_metrics\Mailpile\mailpile\config.py,1951,1,,,0,0,0
Mailpile,C:\Users\Zhifei Chen\Desktop\pysmell\subjects_for_metrics\Mailpile\mailpile\config.py,1962,1,,,0,0,0
Mailpile,C:\Users\Zhifei Chen\Desktop\pysmell\subjects_for_metrics\Mailpile\mailpile\config.py,1964,1,,,0,0,0
Mailpile,C:\Users\Zhifei Chen\Desktop\pysmell\subjects_for_metrics\Mailpile\mailpile\config.py,1967,1,,,0,0,0
Mailpile,C:\Users\Zhifei Chen\Desktop\pysmell\subjects_for_metrics\Mailpile\mailpile\config.py,1969,1,,,0,0,0
Mailpile,C:\Users\Zhifei Chen\Desktop\pysmell\subjects_for_metrics\Mailpile\mailpile\config.py,1976,1,,,0,0,0
Mailpile,C:\Users\Zhifei Chen\Desktop\pysmell\subjects_for_metrics\Mailpile\mailpile\config.py,1977,2,,,0,0,0
Mailpile,C:\Users\Zhifei Chen\Desktop\pysmell\subjects_for_metrics\Mailpile\mailpile\config.py,1983,1,,,0,0,0
Mailpile,C:\Users\Zhifei Chen\Desktop\pysmell\subjects_for_metrics\Mailpile\mailpile\config.py,1984,1,,,0,0,0
Mailpile,C:\Users\Zhifei Chen\Desktop\pysmell\subjects_for_metrics\Mailpile\mailpile\config.py,1985,1,,,0,0,0
Mailpile,C:\Users\Zhifei Chen\Desktop\pysmell\subjects_for_metrics\Mailpile\mailpile\config.py,1987,1,,,0,0,0
Mailpile,C:\Users\Zhifei Chen\Desktop\pysmell\subjects_for_metrics\Mailpile\mailpile\config.py,1989,1,,,0,0,0
Mailpile,C:\Users\Zhifei Chen\Desktop\pysmell\subjects_for_metrics\Mailpile\mailpile\config.py,1991,1,,,0,0,0
Mailpile,C:\Users\Zhifei Chen\Desktop\pysmell\subjects_for_metrics\Mailpile\mailpile\config.py,2015,1,,,0,0,0
Mailpile,C:\Users\Zhifei Chen\Desktop\pysmell\subjects_for_metrics\Mailpile\mailpile\config.py,2022,1,,,0,0,0
Mailpile,C:\Users\Zhifei Chen\Desktop\pysmell\subjects_for_metrics\Mailpile\mailpile\config.py,2023,1,,,0,0,0
Mailpile,C:\Users\Zhifei Chen\Desktop\pysmell\subjects_for_metrics\Mailpile\mailpile\config.py,2041,1,,,0,0,0
Mailpile,C:\Users\Zhifei Chen\Desktop\pysmell\subjects_for_metrics\Mailpile\mailpile\config.py,2043,1,,,0,0,0
Mailpile,C:\Users\Zhifei Chen\Desktop\pysmell\subjects_for_metrics\Mailpile\mailpile\config.py,2043,1,,,0,0,0
Mailpile,C:\Users\Zhifei Chen\Desktop\pysmell\subjects_for_metrics\Mailpile\mailpile\config.py,2047,1,,,0,0,0
Mailpile,C:\Users\Zhifei Chen\Desktop\pysmell\subjects_for_metrics\Mailpile\mailpile\config.py,2048,1,,,0,0,0
Mailpile,C:\Users\Zhifei Chen\Desktop\pysmell\subjects_for_metrics\Mailpile\mailpile\config.py,2049,1,,,0,0,0
Mailpile,C:\Users\Zhifei Chen\Desktop\pysmell\subjects_for_metrics\Mailpile\mailpile\config.py,2107,1,,,0,0,0
Mailpile,C:\Users\Zhifei Chen\Desktop\pysmell\subjects_for_metrics\Mailpile\mailpile\config.py,2112,1,,,0,0,0
Mailpile,C:\Users\Zhifei Chen\Desktop\pysmell\subjects_for_metrics\Mailpile\mailpile\config.py,2138,1,,,0,0,0
Mailpile,C:\Users\Zhifei Chen\Desktop\pysmell\subjects_for_metrics\Mailpile\mailpile\config.py,2198,1,,,0,0,0
Mailpile,C:\Users\Zhifei Chen\Desktop\pysmell\subjects_for_metrics\Mailpile\mailpile\config.py,2201,1,,,0,0,0
Mailpile,C:\Users\Zhifei Chen\Desktop\pysmell\subjects_for_metrics\Mailpile\mailpile\config.py,2224,1,,,0,0,0
Mailpile,C:\Users\Zhifei Chen\Desktop\pysmell\subjects_for_metrics\Mailpile\mailpile\config.py,2224,1,,,0,0,0
Mailpile,C:\Users\Zhifei Chen\Desktop\pysmell\subjects_for_metrics\Mailpile\mailpile\config.py,2325,,2,1,0,0,0
Mailpile,C:\Users\Zhifei Chen\Desktop\pysmell\subjects_for_metrics\Mailpile\mailpile\config.py,2327,,2,1,0,0,0
Mailpile,C:\Users\Zhifei Chen\Desktop\pysmell\subjects_for_metrics\Mailpile\mailpile\config.py,2390,,7,2,0,1,1
Mailpile,C:\Users\Zhifei Chen\Desktop\pysmell\subjects_for_metrics\Mailpile\mailpile\config.py,2409,1,,,0,0,0
Mailpile,C:\Users\Zhifei Chen\Desktop\pysmell\subjects_for_metrics\Mailpile\mailpile\config.py,2421,,4,1,0,0,0
Mailpile,C:\Users\Zhifei Chen\Desktop\pysmell\subjects_for_metrics\Mailpile\mailpile\config.py,2425,,4,1,0,0,0
Mailpile,C:\Users\Zhifei Chen\Desktop\pysmell\subjects_for_metrics\Mailpile\mailpile\config.py,2429,1,,,0,0,0
Mailpile,C:\Users\Zhifei Chen\Desktop\pysmell\subjects_for_metrics\Mailpile\mailpile\config.py,2429,1,,,0,0,0
Mailpile,C:\Users\Zhifei Chen\Desktop\pysmell\subjects_for_metrics\Mailpile\mailpile\config.py,2430,1,,,0,0,0
Mailpile,C:\Users\Zhifei Chen\Desktop\pysmell\subjects_for_metrics\Mailpile\mailpile\config.py,2430,1,,,0,0,0
Mailpile,C:\Users\Zhifei Chen\Desktop\pysmell\subjects_for_metrics\Mailpile\mailpile\config.py,2433,4,,,1,1,1
Mailpile,C:\Users\Zhifei Chen\Desktop\pysmell\subjects_for_metrics\Mailpile\mailpile\config.py,2443,1,,,0,0,0
Mailpile,C:\Users\Zhifei Chen\Desktop\pysmell\subjects_for_metrics\Mailpile\mailpile\config.py,2443,1,,,0,0,0
Mailpile,C:\Users\Zhifei Chen\Desktop\pysmell\subjects_for_metrics\Mailpile\mailpile\config.py,2444,1,,,0,0,0
Mailpile,C:\Users\Zhifei Chen\Desktop\pysmell\subjects_for_metrics\Mailpile\mailpile\config.py,2444,1,,,0,0,0
Mailpile,C:\Users\Zhifei Chen\Desktop\pysmell\subjects_for_metrics\Mailpile\mailpile\conn_brokers.py,176,1,,,0,0,0
Mailpile,C:\Users\Zhifei Chen\Desktop\pysmell\subjects_for_metrics\Mailpile\mailpile\conn_brokers.py,182,1,,,0,0,0
Mailpile,C:\Users\Zhifei Chen\Desktop\pysmell\subjects_for_metrics\Mailpile\mailpile\conn_brokers.py,237,1,,,0,0,0
Mailpile,C:\Users\Zhifei Chen\Desktop\pysmell\subjects_for_metrics\Mailpile\mailpile\conn_brokers.py,291,1,,,0,0,0
Mailpile,C:\Users\Zhifei Chen\Desktop\pysmell\subjects_for_metrics\Mailpile\mailpile\conn_brokers.py,323,1,,,0,0,0
Mailpile,C:\Users\Zhifei Chen\Desktop\pysmell\subjects_for_metrics\Mailpile\mailpile\conn_brokers.py,336,1,,,0,0,0
Mailpile,C:\Users\Zhifei Chen\Desktop\pysmell\subjects_for_metrics\Mailpile\mailpile\conn_brokers.py,388,1,,,0,0,0
Mailpile,C:\Users\Zhifei Chen\Desktop\pysmell\subjects_for_metrics\Mailpile\mailpile\conn_brokers.py,437,1,,,0,0,0
Mailpile,C:\Users\Zhifei Chen\Desktop\pysmell\subjects_for_metrics\Mailpile\mailpile\conn_brokers.py,439,1,,,0,0,0
Mailpile,C:\Users\Zhifei Chen\Desktop\pysmell\subjects_for_metrics\Mailpile\mailpile\conn_brokers.py,440,1,,,0,0,0
Mailpile,C:\Users\Zhifei Chen\Desktop\pysmell\subjects_for_metrics\Mailpile\mailpile\defaults.py,27,,7,2,0,1,1
Mailpile,C:\Users\Zhifei Chen\Desktop\pysmell\subjects_for_metrics\Mailpile\mailpile\defaults.py,32,,5,2,0,1,1
Mailpile,C:\Users\Zhifei Chen\Desktop\pysmell\subjects_for_metrics\Mailpile\mailpile\defaults.py,75,,5,2,0,1,1
Mailpile,C:\Users\Zhifei Chen\Desktop\pysmell\subjects_for_metrics\Mailpile\mailpile\eventlog.py,42,1,,,0,0,0
Mailpile,C:\Users\Zhifei Chen\Desktop\pysmell\subjects_for_metrics\Mailpile\mailpile\eventlog.py,94,1,,,0,0,0
Mailpile,C:\Users\Zhifei Chen\Desktop\pysmell\subjects_for_metrics\Mailpile\mailpile\eventlog.py,98,1,,,0,0,0
Mailpile,C:\Users\Zhifei Chen\Desktop\pysmell\subjects_for_metrics\Mailpile\mailpile\eventlog.py,112,1,,,0,0,0
Mailpile,C:\Users\Zhifei Chen\Desktop\pysmell\subjects_for_metrics\Mailpile\mailpile\eventlog.py,114,1,,,0,0,0
Mailpile,C:\Users\Zhifei Chen\Desktop\pysmell\subjects_for_metrics\Mailpile\mailpile\eventlog.py,115,1,,,0,0,0
Mailpile,C:\Users\Zhifei Chen\Desktop\pysmell\subjects_for_metrics\Mailpile\mailpile\eventlog.py,116,1,,,0,0,0
Mailpile,C:\Users\Zhifei Chen\Desktop\pysmell\subjects_for_metrics\Mailpile\mailpile\eventlog.py,117,1,,,0,0,0
Mailpile,C:\Users\Zhifei Chen\Desktop\pysmell\subjects_for_metrics\Mailpile\mailpile\eventlog.py,119,1,,,0,0,0
Mailpile,C:\Users\Zhifei Chen\Desktop\pysmell\subjects_for_metrics\Mailpile\mailpile\eventlog.py,120,1,,,0,0,0
Mailpile,C:\Users\Zhifei Chen\Desktop\pysmell\subjects_for_metrics\Mailpile\mailpile\eventlog.py,237,1,,,0,0,0
Mailpile,C:\Users\Zhifei Chen\Desktop\pysmell\subjects_for_metrics\Mailpile\mailpile\eventlog.py,274,1,,,0,0,0
Mailpile,C:\Users\Zhifei Chen\Desktop\pysmell\subjects_for_metrics\Mailpile\mailpile\eventlog.py,284,1,,,0,0,0
Mailpile,C:\Users\Zhifei Chen\Desktop\pysmell\subjects_for_metrics\Mailpile\mailpile\eventlog.py,307,1,,,0,0,0
Mailpile,C:\Users\Zhifei Chen\Desktop\pysmell\subjects_for_metrics\Mailpile\mailpile\eventlog.py,310,1,,,0,0,0
Mailpile,C:\Users\Zhifei Chen\Desktop\pysmell\subjects_for_metrics\Mailpile\mailpile\eventlog.py,321,1,,,0,0,0
Mailpile,C:\Users\Zhifei Chen\Desktop\pysmell\subjects_for_metrics\Mailpile\mailpile\eventlog.py,335,2,,,0,0,0
Mailpile,C:\Users\Zhifei Chen\Desktop\pysmell\subjects_for_metrics\Mailpile\mailpile\eventlog.py,336,1,,,0,0,0
Mailpile,C:\Users\Zhifei Chen\Desktop\pysmell\subjects_for_metrics\Mailpile\mailpile\eventlog.py,380,1,,,0,0,0
Mailpile,C:\Users\Zhifei Chen\Desktop\pysmell\subjects_for_metrics\Mailpile\mailpile\eventlog.py,381,1,,,0,0,0
Mailpile,C:\Users\Zhifei Chen\Desktop\pysmell\subjects_for_metrics\Mailpile\mailpile\eventlog.py,403,1,,,0,0,0
Mailpile,C:\Users\Zhifei Chen\Desktop\pysmell\subjects_for_metrics\Mailpile\mailpile\eventlog.py,415,1,,,0,0,0
Mailpile,C:\Users\Zhifei Chen\Desktop\pysmell\subjects_for_metrics\Mailpile\mailpile\httpd.py,59,,2,1,0,0,0
Mailpile,C:\Users\Zhifei Chen\Desktop\pysmell\subjects_for_metrics\Mailpile\mailpile\httpd.py,81,,2,1,0,0,0
Mailpile,C:\Users\Zhifei Chen\Desktop\pysmell\subjects_for_metrics\Mailpile\mailpile\httpd.py,86,1,,,0,0,0
Mailpile,C:\Users\Zhifei Chen\Desktop\pysmell\subjects_for_metrics\Mailpile\mailpile\httpd.py,148,1,,,0,0,0
Mailpile,C:\Users\Zhifei Chen\Desktop\pysmell\subjects_for_metrics\Mailpile\mailpile\httpd.py,148,1,,,0,0,0
Mailpile,C:\Users\Zhifei Chen\Desktop\pysmell\subjects_for_metrics\Mailpile\mailpile\httpd.py,152,1,,,0,0,0
Mailpile,C:\Users\Zhifei Chen\Desktop\pysmell\subjects_for_metrics\Mailpile\mailpile\httpd.py,153,2,,,0,0,0
Mailpile,C:\Users\Zhifei Chen\Desktop\pysmell\subjects_for_metrics\Mailpile\mailpile\httpd.py,154,2,,,0,0,0
Mailpile,C:\Users\Zhifei Chen\Desktop\pysmell\subjects_for_metrics\Mailpile\mailpile\httpd.py,197,1,,,0,0,0
Mailpile,C:\Users\Zhifei Chen\Desktop\pysmell\subjects_for_metrics\Mailpile\mailpile\httpd.py,199,1,,,0,0,0
Mailpile,C:\Users\Zhifei Chen\Desktop\pysmell\subjects_for_metrics\Mailpile\mailpile\httpd.py,212,1,,,0,0,0
Mailpile,C:\Users\Zhifei Chen\Desktop\pysmell\subjects_for_metrics\Mailpile\mailpile\httpd.py,221,,2,1,0,0,0
Mailpile,C:\Users\Zhifei Chen\Desktop\pysmell\subjects_for_metrics\Mailpile\mailpile\httpd.py,274,1,,,0,0,0
Mailpile,C:\Users\Zhifei Chen\Desktop\pysmell\subjects_for_metrics\Mailpile\mailpile\httpd.py,309,1,,,0,0,0
Mailpile,C:\Users\Zhifei Chen\Desktop\pysmell\subjects_for_metrics\Mailpile\mailpile\httpd.py,342,1,,,0,0,0
Mailpile,C:\Users\Zhifei Chen\Desktop\pysmell\subjects_for_metrics\Mailpile\mailpile\httpd.py,344,1,,,0,0,0
Mailpile,C:\Users\Zhifei Chen\Desktop\pysmell\subjects_for_metrics\Mailpile\mailpile\httpd.py,346,1,,,0,0,0
Mailpile,C:\Users\Zhifei Chen\Desktop\pysmell\subjects_for_metrics\Mailpile\mailpile\httpd.py,354,2,,,0,0,0
Mailpile,C:\Users\Zhifei Chen\Desktop\pysmell\subjects_for_metrics\Mailpile\mailpile\httpd.py,356,2,,,0,0,0
Mailpile,C:\Users\Zhifei Chen\Desktop\pysmell\subjects_for_metrics\Mailpile\mailpile\httpd.py,480,1,,,0,0,0
Mailpile,C:\Users\Zhifei Chen\Desktop\pysmell\subjects_for_metrics\Mailpile\mailpile\httpd.py,486,1,,,0,0,0
Mailpile,C:\Users\Zhifei Chen\Desktop\pysmell\subjects_for_metrics\Mailpile\mailpile\httpd.py,487,1,,,0,0,0
Mailpile,C:\Users\Zhifei Chen\Desktop\pysmell\subjects_for_metrics\Mailpile\mailpile\httpd.py,488,1,,,0,0,0
Mailpile,C:\Users\Zhifei Chen\Desktop\pysmell\subjects_for_metrics\Mailpile\mailpile\i18n.py,22,1,,,0,0,0
Mailpile,C:\Users\Zhifei Chen\Desktop\pysmell\subjects_for_metrics\Mailpile\mailpile\i18n.py,36,1,,,0,0,0
Mailpile,C:\Users\Zhifei Chen\Desktop\pysmell\subjects_for_metrics\Mailpile\mailpile\i18n.py,37,1,,,0,0,0
Mailpile,C:\Users\Zhifei Chen\Desktop\pysmell\subjects_for_metrics\Mailpile\mailpile\i18n.py,43,1,,,0,0,0
Mailpile,C:\Users\Zhifei Chen\Desktop\pysmell\subjects_for_metrics\Mailpile\mailpile\i18n.py,63,1,,,0,0,0
Mailpile,C:\Users\Zhifei Chen\Desktop\pysmell\subjects_for_metrics\Mailpile\mailpile\i18n.py,116,1,,,0,0,0
Mailpile,C:\Users\Zhifei Chen\Desktop\pysmell\subjects_for_metrics\Mailpile\mailpile\mailutils.py,47,1,,,0,0,0
Mailpile,C:\Users\Zhifei Chen\Desktop\pysmell\subjects_for_metrics\Mailpile\mailpile\mailutils.py,90,2,,,0,0,0
Mailpile,C:\Users\Zhifei Chen\Desktop\pysmell\subjects_for_metrics\Mailpile\mailpile\mailutils.py,91,2,,,0,0,0
Mailpile,C:\Users\Zhifei Chen\Desktop\pysmell\subjects_for_metrics\Mailpile\mailpile\mailutils.py,92,1,,,0,0,0
Mailpile,C:\Users\Zhifei Chen\Desktop\pysmell\subjects_for_metrics\Mailpile\mailpile\mailutils.py,140,1,,,0,0,0
Mailpile,C:\Users\Zhifei Chen\Desktop\pysmell\subjects_for_metrics\Mailpile\mailpile\mailutils.py,141,1,,,0,0,0
Mailpile,C:\Users\Zhifei Chen\Desktop\pysmell\subjects_for_metrics\Mailpile\mailpile\mailutils.py,141,,2,1,0,0,0
Mailpile,C:\Users\Zhifei Chen\Desktop\pysmell\subjects_for_metrics\Mailpile\mailpile\mailutils.py,149,1,,,0,0,0
Mailpile,C:\Users\Zhifei Chen\Desktop\pysmell\subjects_for_metrics\Mailpile\mailpile\mailutils.py,154,1,,,0,0,0
Mailpile,C:\Users\Zhifei Chen\Desktop\pysmell\subjects_for_metrics\Mailpile\mailpile\mailutils.py,154,1,,,0,0,0
Mailpile,C:\Users\Zhifei Chen\Desktop\pysmell\subjects_for_metrics\Mailpile\mailpile\mailutils.py,169,1,,,0,0,0
Mailpile,C:\Users\Zhifei Chen\Desktop\pysmell\subjects_for_metrics\Mailpile\mailpile\mailutils.py,171,1,,,0,0,0
Mailpile,C:\Users\Zhifei Chen\Desktop\pysmell\subjects_for_metrics\Mailpile\mailpile\mailutils.py,173,1,,,0,0,0
Mailpile,C:\Users\Zhifei Chen\Desktop\pysmell\subjects_for_metrics\Mailpile\mailpile\mailutils.py,175,1,,,0,0,0
Mailpile,C:\Users\Zhifei Chen\Desktop\pysmell\subjects_for_metrics\Mailpile\mailpile\mailutils.py,176,1,,,0,0,0
Mailpile,C:\Users\Zhifei Chen\Desktop\pysmell\subjects_for_metrics\Mailpile\mailpile\mailutils.py,177,1,,,0,0,0
Mailpile,C:\Users\Zhifei Chen\Desktop\pysmell\subjects_for_metrics\Mailpile\mailpile\mailutils.py,177,1,,,0,0,0
Mailpile,C:\Users\Zhifei Chen\Desktop\pysmell\subjects_for_metrics\Mailpile\mailpile\mailutils.py,177,1,,,0,0,0
Mailpile,C:\Users\Zhifei Chen\Desktop\pysmell\subjects_for_metrics\Mailpile\mailpile\mailutils.py,187,1,,,0,0,0
Mailpile,C:\Users\Zhifei Chen\Desktop\pysmell\subjects_for_metrics\Mailpile\mailpile\mailutils.py,225,1,,,0,0,0
Mailpile,C:\Users\Zhifei Chen\Desktop\pysmell\subjects_for_metrics\Mailpile\mailpile\mailutils.py,228,1,,,0,0,0
Mailpile,C:\Users\Zhifei Chen\Desktop\pysmell\subjects_for_metrics\Mailpile\mailpile\mailutils.py,241,1,,,0,0,0
Mailpile,C:\Users\Zhifei Chen\Desktop\pysmell\subjects_for_metrics\Mailpile\mailpile\mailutils.py,243,1,,,0,0,0
Mailpile,C:\Users\Zhifei Chen\Desktop\pysmell\subjects_for_metrics\Mailpile\mailpile\mailutils.py,277,1,,,0,0,0
Mailpile,C:\Users\Zhifei Chen\Desktop\pysmell\subjects_for_metrics\Mailpile\mailpile\mailutils.py,287,,2,1,0,0,0
Mailpile,C:\Users\Zhifei Chen\Desktop\pysmell\subjects_for_metrics\Mailpile\mailpile\mailutils.py,301,1,,,0,0,0
Mailpile,C:\Users\Zhifei Chen\Desktop\pysmell\subjects_for_metrics\Mailpile\mailpile\mailutils.py,302,1,,,0,0,0
Mailpile,C:\Users\Zhifei Chen\Desktop\pysmell\subjects_for_metrics\Mailpile\mailpile\mailutils.py,321,1,,,0,0,0
Mailpile,C:\Users\Zhifei Chen\Desktop\pysmell\subjects_for_metrics\Mailpile\mailpile\mailutils.py,322,1,,,0,0,0
Mailpile,C:\Users\Zhifei Chen\Desktop\pysmell\subjects_for_metrics\Mailpile\mailpile\mailutils.py,323,1,,,0,0,0
Mailpile,C:\Users\Zhifei Chen\Desktop\pysmell\subjects_for_metrics\Mailpile\mailpile\mailutils.py,324,1,,,0,0,0
Mailpile,C:\Users\Zhifei Chen\Desktop\pysmell\subjects_for_metrics\Mailpile\mailpile\mailutils.py,346,1,,,0,0,0
Mailpile,C:\Users\Zhifei Chen\Desktop\pysmell\subjects_for_metrics\Mailpile\mailpile\mailutils.py,347,1,,,0,0,0
Mailpile,C:\Users\Zhifei Chen\Desktop\pysmell\subjects_for_metrics\Mailpile\mailpile\mailutils.py,415,1,,,0,0,0
Mailpile,C:\Users\Zhifei Chen\Desktop\pysmell\subjects_for_metrics\Mailpile\mailpile\mailutils.py,426,1,,,0,0,0
Mailpile,C:\Users\Zhifei Chen\Desktop\pysmell\subjects_for_metrics\Mailpile\mailpile\mailutils.py,427,1,,,0,0,0
Mailpile,C:\Users\Zhifei Chen\Desktop\pysmell\subjects_for_metrics\Mailpile\mailpile\mailutils.py,428,1,,,0,0,0
Mailpile,C:\Users\Zhifei Chen\Desktop\pysmell\subjects_for_metrics\Mailpile\mailpile\mailutils.py,430,1,,,0,0,0
Mailpile,C:\Users\Zhifei Chen\Desktop\pysmell\subjects_for_metrics\Mailpile\mailpile\mailutils.py,436,1,,,0,0,0
Mailpile,C:\Users\Zhifei Chen\Desktop\pysmell\subjects_for_metrics\Mailpile\mailpile\mailutils.py,438,1,,,0,0,0
Mailpile,C:\Users\Zhifei Chen\Desktop\pysmell\subjects_for_metrics\Mailpile\mailpile\mailutils.py,440,1,,,0,0,0
Mailpile,C:\Users\Zhifei Chen\Desktop\pysmell\subjects_for_metrics\Mailpile\mailpile\mailutils.py,442,1,,,0,0,0
Mailpile,C:\Users\Zhifei Chen\Desktop\pysmell\subjects_for_metrics\Mailpile\mailpile\mailutils.py,442,1,,,0,0,0
Mailpile,C:\Users\Zhifei Chen\Desktop\pysmell\subjects_for_metrics\Mailpile\mailpile\mailutils.py,443,1,,,0,0,0
Mailpile,C:\Users\Zhifei Chen\Desktop\pysmell\subjects_for_metrics\Mailpile\mailpile\mailutils.py,459,1,,,0,0,0
Mailpile,C:\Users\Zhifei Chen\Desktop\pysmell\subjects_for_metrics\Mailpile\mailpile\mailutils.py,469,1,,,0,0,0
Mailpile,C:\Users\Zhifei Chen\Desktop\pysmell\subjects_for_metrics\Mailpile\mailpile\mailutils.py,478,1,,,0,0,0
Mailpile,C:\Users\Zhifei Chen\Desktop\pysmell\subjects_for_metrics\Mailpile\mailpile\mailutils.py,488,1,,,0,0,0
Mailpile,C:\Users\Zhifei Chen\Desktop\pysmell\subjects_for_metrics\Mailpile\mailpile\mailutils.py,492,1,,,0,0,0
Mailpile,C:\Users\Zhifei Chen\Desktop\pysmell\subjects_for_metrics\Mailpile\mailpile\mailutils.py,494,1,,,0,0,0
Mailpile,C:\Users\Zhifei Chen\Desktop\pysmell\subjects_for_metrics\Mailpile\mailpile\mailutils.py,542,1,,,0,0,0
Mailpile,C:\Users\Zhifei Chen\Desktop\pysmell\subjects_for_metrics\Mailpile\mailpile\mailutils.py,547,,2,1,0,0,0
Mailpile,C:\Users\Zhifei Chen\Desktop\pysmell\subjects_for_metrics\Mailpile\mailpile\mailutils.py,555,1,,,0,0,0
Mailpile,C:\Users\Zhifei Chen\Desktop\pysmell\subjects_for_metrics\Mailpile\mailpile\mailutils.py,558,1,,,0,0,0
Mailpile,C:\Users\Zhifei Chen\Desktop\pysmell\subjects_for_metrics\Mailpile\mailpile\mailutils.py,562,1,,,0,0,0
Mailpile,C:\Users\Zhifei Chen\Desktop\pysmell\subjects_for_metrics\Mailpile\mailpile\mailutils.py,563,1,,,0,0,0
Mailpile,C:\Users\Zhifei Chen\Desktop\pysmell\subjects_for_metrics\Mailpile\mailpile\mailutils.py,565,1,,,0,0,0
Mailpile,C:\Users\Zhifei Chen\Desktop\pysmell\subjects_for_metrics\Mailpile\mailpile\mailutils.py,569,1,,,0,0,0
Mailpile,C:\Users\Zhifei Chen\Desktop\pysmell\subjects_for_metrics\Mailpile\mailpile\mailutils.py,571,2,,,0,0,0
Mailpile,C:\Users\Zhifei Chen\Desktop\pysmell\subjects_for_metrics\Mailpile\mailpile\mailutils.py,571,1,,,0,0,0
Mailpile,C:\Users\Zhifei Chen\Desktop\pysmell\subjects_for_metrics\Mailpile\mailpile\mailutils.py,573,1,,,0,0,0
Mailpile,C:\Users\Zhifei Chen\Desktop\pysmell\subjects_for_metrics\Mailpile\mailpile\mailutils.py,574,1,,,0,0,0
Mailpile,C:\Users\Zhifei Chen\Desktop\pysmell\subjects_for_metrics\Mailpile\mailpile\mailutils.py,582,1,,,0,0,0
Mailpile,C:\Users\Zhifei Chen\Desktop\pysmell\subjects_for_metrics\Mailpile\mailpile\mailutils.py,583,1,,,0,0,0
Mailpile,C:\Users\Zhifei Chen\Desktop\pysmell\subjects_for_metrics\Mailpile\mailpile\mailutils.py,583,1,,,0,0,0
Mailpile,C:\Users\Zhifei Chen\Desktop\pysmell\subjects_for_metrics\Mailpile\mailpile\mailutils.py,584,1,,,0,0,0
Mailpile,C:\Users\Zhifei Chen\Desktop\pysmell\subjects_for_metrics\Mailpile\mailpile\mailutils.py,594,1,,,0,0,0
Mailpile,C:\Users\Zhifei Chen\Desktop\pysmell\subjects_for_metrics\Mailpile\mailpile\mailutils.py,594,1,,,0,0,0
Mailpile,C:\Users\Zhifei Chen\Desktop\pysmell\subjects_for_metrics\Mailpile\mailpile\mailutils.py,596,1,,,0,0,0
Mailpile,C:\Users\Zhifei Chen\Desktop\pysmell\subjects_for_metrics\Mailpile\mailpile\mailutils.py,599,1,,,0,0,0
Mailpile,C:\Users\Zhifei Chen\Desktop\pysmell\subjects_for_metrics\Mailpile\mailpile\mailutils.py,601,2,,,0,0,0
Mailpile,C:\Users\Zhifei Chen\Desktop\pysmell\subjects_for_metrics\Mailpile\mailpile\mailutils.py,603,1,,,0,0,0
Mailpile,C:\Users\Zhifei Chen\Desktop\pysmell\subjects_for_metrics\Mailpile\mailpile\mailutils.py,617,1,,,0,0,0
Mailpile,C:\Users\Zhifei Chen\Desktop\pysmell\subjects_for_metrics\Mailpile\mailpile\mailutils.py,668,1,,,0,0,0
Mailpile,C:\Users\Zhifei Chen\Desktop\pysmell\subjects_for_metrics\Mailpile\mailpile\mailutils.py,668,1,,,0,0,0
Mailpile,C:\Users\Zhifei Chen\Desktop\pysmell\subjects_for_metrics\Mailpile\mailpile\mailutils.py,670,1,,,0,0,0
Mailpile,C:\Users\Zhifei Chen\Desktop\pysmell\subjects_for_metrics\Mailpile\mailpile\mailutils.py,676,1,,,0,0,0
Mailpile,C:\Users\Zhifei Chen\Desktop\pysmell\subjects_for_metrics\Mailpile\mailpile\mailutils.py,676,1,,,0,0,0
Mailpile,C:\Users\Zhifei Chen\Desktop\pysmell\subjects_for_metrics\Mailpile\mailpile\mailutils.py,693,1,,,0,0,0
Mailpile,C:\Users\Zhifei Chen\Desktop\pysmell\subjects_for_metrics\Mailpile\mailpile\mailutils.py,702,1,,,0,0,0
Mailpile,C:\Users\Zhifei Chen\Desktop\pysmell\subjects_for_metrics\Mailpile\mailpile\mailutils.py,705,1,,,0,0,0
Mailpile,C:\Users\Zhifei Chen\Desktop\pysmell\subjects_for_metrics\Mailpile\mailpile\mailutils.py,706,1,,,0,0,0
Mailpile,C:\Users\Zhifei Chen\Desktop\pysmell\subjects_for_metrics\Mailpile\mailpile\mailutils.py,731,1,,,0,0,0
Mailpile,C:\Users\Zhifei Chen\Desktop\pysmell\subjects_for_metrics\Mailpile\mailpile\mailutils.py,735,1,,,0,0,0
Mailpile,C:\Users\Zhifei Chen\Desktop\pysmell\subjects_for_metrics\Mailpile\mailpile\mailutils.py,741,1,,,0,0,0
Mailpile,C:\Users\Zhifei Chen\Desktop\pysmell\subjects_for_metrics\Mailpile\mailpile\mailutils.py,762,2,,,0,0,0
Mailpile,C:\Users\Zhifei Chen\Desktop\pysmell\subjects_for_metrics\Mailpile\mailpile\mailutils.py,763,1,,,0,0,0
Mailpile,C:\Users\Zhifei Chen\Desktop\pysmell\subjects_for_metrics\Mailpile\mailpile\mailutils.py,775,1,,,0,0,0
Mailpile,C:\Users\Zhifei Chen\Desktop\pysmell\subjects_for_metrics\Mailpile\mailpile\mailutils.py,792,1,,,0,0,0
Mailpile,C:\Users\Zhifei Chen\Desktop\pysmell\subjects_for_metrics\Mailpile\mailpile\mailutils.py,835,1,,,0,0,0
Mailpile,C:\Users\Zhifei Chen\Desktop\pysmell\subjects_for_metrics\Mailpile\mailpile\mailutils.py,842,1,,,0,0,0
Mailpile,C:\Users\Zhifei Chen\Desktop\pysmell\subjects_for_metrics\Mailpile\mailpile\mailutils.py,844,1,,,0,0,0
Mailpile,C:\Users\Zhifei Chen\Desktop\pysmell\subjects_for_metrics\Mailpile\mailpile\mailutils.py,848,1,,,0,0,0
Mailpile,C:\Users\Zhifei Chen\Desktop\pysmell\subjects_for_metrics\Mailpile\mailpile\mailutils.py,935,1,,,0,0,0
Mailpile,C:\Users\Zhifei Chen\Desktop\pysmell\subjects_for_metrics\Mailpile\mailpile\mailutils.py,953,1,,,0,0,0
Mailpile,C:\Users\Zhifei Chen\Desktop\pysmell\subjects_for_metrics\Mailpile\mailpile\mailutils.py,955,1,,,0,0,0
Mailpile,C:\Users\Zhifei Chen\Desktop\pysmell\subjects_for_metrics\Mailpile\mailpile\mailutils.py,956,2,,,0,0,0
Mailpile,C:\Users\Zhifei Chen\Desktop\pysmell\subjects_for_metrics\Mailpile\mailpile\mailutils.py,964,,2,1,0,0,0
Mailpile,C:\Users\Zhifei Chen\Desktop\pysmell\subjects_for_metrics\Mailpile\mailpile\mailutils.py,975,1,,,0,0,0
Mailpile,C:\Users\Zhifei Chen\Desktop\pysmell\subjects_for_metrics\Mailpile\mailpile\mailutils.py,978,1,,,0,0,0
Mailpile,C:\Users\Zhifei Chen\Desktop\pysmell\subjects_for_metrics\Mailpile\mailpile\mailutils.py,979,1,,,0,0,0
Mailpile,C:\Users\Zhifei Chen\Desktop\pysmell\subjects_for_metrics\Mailpile\mailpile\mailutils.py,979,1,,,0,0,0
Mailpile,C:\Users\Zhifei Chen\Desktop\pysmell\subjects_for_metrics\Mailpile\mailpile\mailutils.py,980,1,,,0,0,0
Mailpile,C:\Users\Zhifei Chen\Desktop\pysmell\subjects_for_metrics\Mailpile\mailpile\mailutils.py,982,1,,,0,0,0
Mailpile,C:\Users\Zhifei Chen\Desktop\pysmell\subjects_for_metrics\Mailpile\mailpile\mailutils.py,986,1,,,0,0,0
Mailpile,C:\Users\Zhifei Chen\Desktop\pysmell\subjects_for_metrics\Mailpile\mailpile\mailutils.py,989,1,,,0,0,0
Mailpile,C:\Users\Zhifei Chen\Desktop\pysmell\subjects_for_metrics\Mailpile\mailpile\mailutils.py,990,1,,,0,0,0
Mailpile,C:\Users\Zhifei Chen\Desktop\pysmell\subjects_for_metrics\Mailpile\mailpile\mailutils.py,991,1,,,0,0,0
Mailpile,C:\Users\Zhifei Chen\Desktop\pysmell\subjects_for_metrics\Mailpile\mailpile\mailutils.py,994,1,,,0,0,0
Mailpile,C:\Users\Zhifei Chen\Desktop\pysmell\subjects_for_metrics\Mailpile\mailpile\mailutils.py,1090,1,,,0,0,0
Mailpile,C:\Users\Zhifei Chen\Desktop\pysmell\subjects_for_metrics\Mailpile\mailpile\mailutils.py,1093,1,,,0,0,0
Mailpile,C:\Users\Zhifei Chen\Desktop\pysmell\subjects_for_metrics\Mailpile\mailpile\mailutils.py,1096,1,,,0,0,0
Mailpile,C:\Users\Zhifei Chen\Desktop\pysmell\subjects_for_metrics\Mailpile\mailpile\mailutils.py,1099,1,,,0,0,0
Mailpile,C:\Users\Zhifei Chen\Desktop\pysmell\subjects_for_metrics\Mailpile\mailpile\mailutils.py,1103,1,,,0,0,0
Mailpile,C:\Users\Zhifei Chen\Desktop\pysmell\subjects_for_metrics\Mailpile\mailpile\mailutils.py,1111,1,,,0,0,0
Mailpile,C:\Users\Zhifei Chen\Desktop\pysmell\subjects_for_metrics\Mailpile\mailpile\mailutils.py,1113,2,,,0,0,0
Mailpile,C:\Users\Zhifei Chen\Desktop\pysmell\subjects_for_metrics\Mailpile\mailpile\mailutils.py,1116,1,,,0,0,0
Mailpile,C:\Users\Zhifei Chen\Desktop\pysmell\subjects_for_metrics\Mailpile\mailpile\mailutils.py,1118,2,,,0,0,0
Mailpile,C:\Users\Zhifei Chen\Desktop\pysmell\subjects_for_metrics\Mailpile\mailpile\mailutils.py,1121,1,,,0,0,0
Mailpile,C:\Users\Zhifei Chen\Desktop\pysmell\subjects_for_metrics\Mailpile\mailpile\mailutils.py,1125,1,,,0,0,0
Mailpile,C:\Users\Zhifei Chen\Desktop\pysmell\subjects_for_metrics\Mailpile\mailpile\mailutils.py,1129,2,,,0,0,0
Mailpile,C:\Users\Zhifei Chen\Desktop\pysmell\subjects_for_metrics\Mailpile\mailpile\mailutils.py,1129,1,,,0,0,0
Mailpile,C:\Users\Zhifei Chen\Desktop\pysmell\subjects_for_metrics\Mailpile\mailpile\mailutils.py,1158,1,,,0,0,0
Mailpile,C:\Users\Zhifei Chen\Desktop\pysmell\subjects_for_metrics\Mailpile\mailpile\mailutils.py,1161,1,,,0,0,0
Mailpile,C:\Users\Zhifei Chen\Desktop\pysmell\subjects_for_metrics\Mailpile\mailpile\mailutils.py,1165,1,,,0,0,0
Mailpile,C:\Users\Zhifei Chen\Desktop\pysmell\subjects_for_metrics\Mailpile\mailpile\mailutils.py,1174,1,,,0,0,0
Mailpile,C:\Users\Zhifei Chen\Desktop\pysmell\subjects_for_metrics\Mailpile\mailpile\mailutils.py,1182,1,,,0,0,0
Mailpile,C:\Users\Zhifei Chen\Desktop\pysmell\subjects_for_metrics\Mailpile\mailpile\mailutils.py,1195,1,,,0,0,0
Mailpile,C:\Users\Zhifei Chen\Desktop\pysmell\subjects_for_metrics\Mailpile\mailpile\mailutils.py,1196,1,,,0,0,0
Mailpile,C:\Users\Zhifei Chen\Desktop\pysmell\subjects_for_metrics\Mailpile\mailpile\mailutils.py,1200,2,,,0,0,0
Mailpile,C:\Users\Zhifei Chen\Desktop\pysmell\subjects_for_metrics\Mailpile\mailpile\mailutils.py,1201,1,,,0,0,0
Mailpile,C:\Users\Zhifei Chen\Desktop\pysmell\subjects_for_metrics\Mailpile\mailpile\mailutils.py,1203,1,,,0,0,0
Mailpile,C:\Users\Zhifei Chen\Desktop\pysmell\subjects_for_metrics\Mailpile\mailpile\mailutils.py,1205,1,,,0,0,0
Mailpile,C:\Users\Zhifei Chen\Desktop\pysmell\subjects_for_metrics\Mailpile\mailpile\mailutils.py,1209,1,,,0,0,0
Mailpile,C:\Users\Zhifei Chen\Desktop\pysmell\subjects_for_metrics\Mailpile\mailpile\mailutils.py,1211,1,,,0,0,0
Mailpile,C:\Users\Zhifei Chen\Desktop\pysmell\subjects_for_metrics\Mailpile\mailpile\mailutils.py,1215,1,,,0,0,0
Mailpile,C:\Users\Zhifei Chen\Desktop\pysmell\subjects_for_metrics\Mailpile\mailpile\mailutils.py,1218,2,,,0,0,0
Mailpile,C:\Users\Zhifei Chen\Desktop\pysmell\subjects_for_metrics\Mailpile\mailpile\mailutils.py,1219,2,,,0,0,0
Mailpile,C:\Users\Zhifei Chen\Desktop\pysmell\subjects_for_metrics\Mailpile\mailpile\mailutils.py,1253,1,,,0,0,0
Mailpile,C:\Users\Zhifei Chen\Desktop\pysmell\subjects_for_metrics\Mailpile\mailpile\mailutils.py,1254,1,,,0,0,0
Mailpile,C:\Users\Zhifei Chen\Desktop\pysmell\subjects_for_metrics\Mailpile\mailpile\mailutils.py,1255,,2,1,0,0,0
Mailpile,C:\Users\Zhifei Chen\Desktop\pysmell\subjects_for_metrics\Mailpile\mailpile\mailutils.py,1268,1,,,0,0,0
Mailpile,C:\Users\Zhifei Chen\Desktop\pysmell\subjects_for_metrics\Mailpile\mailpile\mailutils.py,1272,1,,,0,0,0
Mailpile,C:\Users\Zhifei Chen\Desktop\pysmell\subjects_for_metrics\Mailpile\mailpile\mailutils.py,1273,1,,,0,0,0
Mailpile,C:\Users\Zhifei Chen\Desktop\pysmell\subjects_for_metrics\Mailpile\mailpile\mailutils.py,1273,1,,,0,0,0
Mailpile,C:\Users\Zhifei Chen\Desktop\pysmell\subjects_for_metrics\Mailpile\mailpile\mailutils.py,1274,1,,,0,0,0
Mailpile,C:\Users\Zhifei Chen\Desktop\pysmell\subjects_for_metrics\Mailpile\mailpile\mailutils.py,1276,1,,,0,0,0
Mailpile,C:\Users\Zhifei Chen\Desktop\pysmell\subjects_for_metrics\Mailpile\mailpile\mailutils.py,1276,1,,,0,0,0
Mailpile,C:\Users\Zhifei Chen\Desktop\pysmell\subjects_for_metrics\Mailpile\mailpile\mailutils.py,1277,1,,,0,0,0
Mailpile,C:\Users\Zhifei Chen\Desktop\pysmell\subjects_for_metrics\Mailpile\mailpile\mailutils.py,1277,1,,,0,0,0
Mailpile,C:\Users\Zhifei Chen\Desktop\pysmell\subjects_for_metrics\Mailpile\mailpile\mailutils.py,1278,1,,,0,0,0
Mailpile,C:\Users\Zhifei Chen\Desktop\pysmell\subjects_for_metrics\Mailpile\mailpile\mailutils.py,1282,,2,1,0,0,0
Mailpile,C:\Users\Zhifei Chen\Desktop\pysmell\subjects_for_metrics\Mailpile\mailpile\mailutils.py,1292,1,,,0,0,0
Mailpile,C:\Users\Zhifei Chen\Desktop\pysmell\subjects_for_metrics\Mailpile\mailpile\mailutils.py,1380,1,,,0,0,0
Mailpile,C:\Users\Zhifei Chen\Desktop\pysmell\subjects_for_metrics\Mailpile\mailpile\mailutils.py,1382,1,,,0,0,0
Mailpile,C:\Users\Zhifei Chen\Desktop\pysmell\subjects_for_metrics\Mailpile\mailpile\mailutils.py,1386,1,,,0,0,0
Mailpile,C:\Users\Zhifei Chen\Desktop\pysmell\subjects_for_metrics\Mailpile\mailpile\mailutils.py,1388,1,,,0,0,0
Mailpile,C:\Users\Zhifei Chen\Desktop\pysmell\subjects_for_metrics\Mailpile\mailpile\mailutils.py,1390,1,,,0,0,0
Mailpile,C:\Users\Zhifei Chen\Desktop\pysmell\subjects_for_metrics\Mailpile\mailpile\mailutils.py,1405,1,,,0,0,0
Mailpile,C:\Users\Zhifei Chen\Desktop\pysmell\subjects_for_metrics\Mailpile\mailpile\mailutils.py,1407,1,,,0,0,0
Mailpile,C:\Users\Zhifei Chen\Desktop\pysmell\subjects_for_metrics\Mailpile\mailpile\mailutils.py,1410,1,,,0,0,0
Mailpile,C:\Users\Zhifei Chen\Desktop\pysmell\subjects_for_metrics\Mailpile\mailpile\mailutils.py,1419,3,,,1,1,1
Mailpile,C:\Users\Zhifei Chen\Desktop\pysmell\subjects_for_metrics\Mailpile\mailpile\mailutils.py,1420,3,,,1,1,1
Mailpile,C:\Users\Zhifei Chen\Desktop\pysmell\subjects_for_metrics\Mailpile\mailpile\mailutils.py,1421,1,,,0,0,0
Mailpile,C:\Users\Zhifei Chen\Desktop\pysmell\subjects_for_metrics\Mailpile\mailpile\mailutils.py,1422,2,,,0,0,0
Mailpile,C:\Users\Zhifei Chen\Desktop\pysmell\subjects_for_metrics\Mailpile\mailpile\mailutils.py,1423,2,,,0,0,0
Mailpile,C:\Users\Zhifei Chen\Desktop\pysmell\subjects_for_metrics\Mailpile\mailpile\mailutils.py,1424,2,,,0,0,0
Mailpile,C:\Users\Zhifei Chen\Desktop\pysmell\subjects_for_metrics\Mailpile\mailpile\mailutils.py,1428,1,,,0,0,0
Mailpile,C:\Users\Zhifei Chen\Desktop\pysmell\subjects_for_metrics\Mailpile\mailpile\mailutils.py,1431,2,,,0,0,0
Mailpile,C:\Users\Zhifei Chen\Desktop\pysmell\subjects_for_metrics\Mailpile\mailpile\mailutils.py,1433,2,,,0,0,0
Mailpile,C:\Users\Zhifei Chen\Desktop\pysmell\subjects_for_metrics\Mailpile\mailpile\mailutils.py,1436,1,,,0,0,0
Mailpile,C:\Users\Zhifei Chen\Desktop\pysmell\subjects_for_metrics\Mailpile\mailpile\mailutils.py,1437,1,,,0,0,0
Mailpile,C:\Users\Zhifei Chen\Desktop\pysmell\subjects_for_metrics\Mailpile\mailpile\mailutils.py,1438,1,,,0,0,0
Mailpile,C:\Users\Zhifei Chen\Desktop\pysmell\subjects_for_metrics\Mailpile\mailpile\mailutils.py,1440,2,,,0,0,0
Mailpile,C:\Users\Zhifei Chen\Desktop\pysmell\subjects_for_metrics\Mailpile\mailpile\mailutils.py,1441,2,,,0,0,0
Mailpile,C:\Users\Zhifei Chen\Desktop\pysmell\subjects_for_metrics\Mailpile\mailpile\mailutils.py,1451,1,,,0,0,0
Mailpile,C:\Users\Zhifei Chen\Desktop\pysmell\subjects_for_metrics\Mailpile\mailpile\mailutils.py,1589,1,,,0,0,0
Mailpile,C:\Users\Zhifei Chen\Desktop\pysmell\subjects_for_metrics\Mailpile\mailpile\mailutils.py,1668,1,,,0,0,0
Mailpile,C:\Users\Zhifei Chen\Desktop\pysmell\subjects_for_metrics\Mailpile\mailpile\mailutils.py,1669,1,,,0,0,0
Mailpile,C:\Users\Zhifei Chen\Desktop\pysmell\subjects_for_metrics\Mailpile\mailpile\mailutils.py,1669,1,,,0,0,0
Mailpile,C:\Users\Zhifei Chen\Desktop\pysmell\subjects_for_metrics\Mailpile\mailpile\mailutils.py,1670,1,,,0,0,0
Mailpile,C:\Users\Zhifei Chen\Desktop\pysmell\subjects_for_metrics\Mailpile\mailpile\mailutils.py,1671,1,,,0,0,0
Mailpile,C:\Users\Zhifei Chen\Desktop\pysmell\subjects_for_metrics\Mailpile\mailpile\mailutils.py,1673,1,,,0,0,0
Mailpile,C:\Users\Zhifei Chen\Desktop\pysmell\subjects_for_metrics\Mailpile\mailpile\mailutils.py,1674,1,,,0,0,0
Mailpile,C:\Users\Zhifei Chen\Desktop\pysmell\subjects_for_metrics\Mailpile\mailpile\mailutils.py,1674,1,,,0,0,0
Mailpile,C:\Users\Zhifei Chen\Desktop\pysmell\subjects_for_metrics\Mailpile\mailpile\mailutils.py,1675,1,,,0,0,0
Mailpile,C:\Users\Zhifei Chen\Desktop\pysmell\subjects_for_metrics\Mailpile\mailpile\mailutils.py,1679,,2,1,0,0,0
Mailpile,C:\Users\Zhifei Chen\Desktop\pysmell\subjects_for_metrics\Mailpile\mailpile\mailutils.py,1685,1,,,0,0,0
Mailpile,C:\Users\Zhifei Chen\Desktop\pysmell\subjects_for_metrics\Mailpile\mailpile\mailutils.py,1686,1,,,0,0,0
Mailpile,C:\Users\Zhifei Chen\Desktop\pysmell\subjects_for_metrics\Mailpile\mailpile\mailutils.py,1690,1,,,0,0,0
Mailpile,C:\Users\Zhifei Chen\Desktop\pysmell\subjects_for_metrics\Mailpile\mailpile\mailutils.py,1692,1,,,0,0,0
Mailpile,C:\Users\Zhifei Chen\Desktop\pysmell\subjects_for_metrics\Mailpile\mailpile\mailutils.py,1695,1,,,0,0,0
Mailpile,C:\Users\Zhifei Chen\Desktop\pysmell\subjects_for_metrics\Mailpile\mailpile\mailutils.py,1696,1,,,0,0,0
Mailpile,C:\Users\Zhifei Chen\Desktop\pysmell\subjects_for_metrics\Mailpile\mailpile\mailutils.py,1706,1,,,0,0,0
Mailpile,C:\Users\Zhifei Chen\Desktop\pysmell\subjects_for_metrics\Mailpile\mailpile\mailutils.py,1712,2,,,0,0,0
Mailpile,C:\Users\Zhifei Chen\Desktop\pysmell\subjects_for_metrics\Mailpile\mailpile\mailutils.py,1712,2,,,0,0,0
Mailpile,C:\Users\Zhifei Chen\Desktop\pysmell\subjects_for_metrics\Mailpile\mailpile\mailutils.py,1713,1,,,0,0,0
Mailpile,C:\Users\Zhifei Chen\Desktop\pysmell\subjects_for_metrics\Mailpile\mailpile\mailutils.py,1713,2,,,0,0,0
Mailpile,C:\Users\Zhifei Chen\Desktop\pysmell\subjects_for_metrics\Mailpile\mailpile\mailutils.py,1714,1,,,0,0,0
Mailpile,C:\Users\Zhifei Chen\Desktop\pysmell\subjects_for_metrics\Mailpile\mailpile\mailutils.py,1716,1,,,0,0,0
Mailpile,C:\Users\Zhifei Chen\Desktop\pysmell\subjects_for_metrics\Mailpile\mailpile\mailutils.py,1717,1,,,0,0,0
Mailpile,C:\Users\Zhifei Chen\Desktop\pysmell\subjects_for_metrics\Mailpile\mailpile\mailutils.py,1719,,2,1,0,0,0
Mailpile,C:\Users\Zhifei Chen\Desktop\pysmell\subjects_for_metrics\Mailpile\mailpile\mailutils.py,1731,2,,,0,0,0
Mailpile,C:\Users\Zhifei Chen\Desktop\pysmell\subjects_for_metrics\Mailpile\mailpile\mailutils.py,1732,1,,,0,0,0
Mailpile,C:\Users\Zhifei Chen\Desktop\pysmell\subjects_for_metrics\Mailpile\mailpile\mailutils.py,1732,1,,,0,0,0
Mailpile,C:\Users\Zhifei Chen\Desktop\pysmell\subjects_for_metrics\Mailpile\mailpile\mailutils.py,1732,1,,,0,0,0
Mailpile,C:\Users\Zhifei Chen\Desktop\pysmell\subjects_for_metrics\Mailpile\mailpile\mailutils.py,1733,2,,,0,0,0
Mailpile,C:\Users\Zhifei Chen\Desktop\pysmell\subjects_for_metrics\Mailpile\mailpile\mailutils.py,1734,1,,,0,0,0
Mailpile,C:\Users\Zhifei Chen\Desktop\pysmell\subjects_for_metrics\Mailpile\mailpile\mailutils.py,1734,1,,,0,0,0
Mailpile,C:\Users\Zhifei Chen\Desktop\pysmell\subjects_for_metrics\Mailpile\mailpile\mailutils.py,1734,1,,,0,0,0
Mailpile,C:\Users\Zhifei Chen\Desktop\pysmell\subjects_for_metrics\Mailpile\mailpile\mailutils.py,1738,2,,,0,0,0
Mailpile,C:\Users\Zhifei Chen\Desktop\pysmell\subjects_for_metrics\Mailpile\mailpile\mailutils.py,1738,2,,,0,0,0
Mailpile,C:\Users\Zhifei Chen\Desktop\pysmell\subjects_for_metrics\Mailpile\mailpile\mailutils.py,1739,2,,,0,0,0
Mailpile,C:\Users\Zhifei Chen\Desktop\pysmell\subjects_for_metrics\Mailpile\mailpile\mailutils.py,1741,1,,,0,0,0
Mailpile,C:\Users\Zhifei Chen\Desktop\pysmell\subjects_for_metrics\Mailpile\mailpile\mailutils.py,1746,1,,,0,0,0
Mailpile,C:\Users\Zhifei Chen\Desktop\pysmell\subjects_for_metrics\Mailpile\mailpile\mailutils.py,1748,1,,,0,0,0
Mailpile,C:\Users\Zhifei Chen\Desktop\pysmell\subjects_for_metrics\Mailpile\mailpile\mailutils.py,1766,1,,,0,0,0
Mailpile,C:\Users\Zhifei Chen\Desktop\pysmell\subjects_for_metrics\Mailpile\mailpile\mail_generator.py,287,1,,,0,0,0
Mailpile,C:\Users\Zhifei Chen\Desktop\pysmell\subjects_for_metrics\Mailpile\mailpile\mail_generator.py,288,1,,,0,0,0
Mailpile,C:\Users\Zhifei Chen\Desktop\pysmell\subjects_for_metrics\Mailpile\mailpile\packing.py,16,1,,,0,0,0
Mailpile,C:\Users\Zhifei Chen\Desktop\pysmell\subjects_for_metrics\Mailpile\mailpile\packing.py,17,1,,,0,0,0
Mailpile,C:\Users\Zhifei Chen\Desktop\pysmell\subjects_for_metrics\Mailpile\mailpile\packing.py,24,1,,,0,0,0
Mailpile,C:\Users\Zhifei Chen\Desktop\pysmell\subjects_for_metrics\Mailpile\mailpile\packing.py,31,1,,,0,0,0
Mailpile,C:\Users\Zhifei Chen\Desktop\pysmell\subjects_for_metrics\Mailpile\mailpile\packing.py,32,1,,,0,0,0
Mailpile,C:\Users\Zhifei Chen\Desktop\pysmell\subjects_for_metrics\Mailpile\mailpile\packing.py,66,1,,,0,0,0
Mailpile,C:\Users\Zhifei Chen\Desktop\pysmell\subjects_for_metrics\Mailpile\mailpile\postinglist.py,44,2,,,0,0,0
Mailpile,C:\Users\Zhifei Chen\Desktop\pysmell\subjects_for_metrics\Mailpile\mailpile\postinglist.py,45,1,,,0,0,0
Mailpile,C:\Users\Zhifei Chen\Desktop\pysmell\subjects_for_metrics\Mailpile\mailpile\postinglist.py,57,1,,,0,0,0
Mailpile,C:\Users\Zhifei Chen\Desktop\pysmell\subjects_for_metrics\Mailpile\mailpile\postinglist.py,64,1,,,0,0,0
Mailpile,C:\Users\Zhifei Chen\Desktop\pysmell\subjects_for_metrics\Mailpile\mailpile\postinglist.py,85,2,,,0,0,0
Mailpile,C:\Users\Zhifei Chen\Desktop\pysmell\subjects_for_metrics\Mailpile\mailpile\postinglist.py,87,1,,,0,0,0
Mailpile,C:\Users\Zhifei Chen\Desktop\pysmell\subjects_for_metrics\Mailpile\mailpile\postinglist.py,88,2,,,0,0,0
Mailpile,C:\Users\Zhifei Chen\Desktop\pysmell\subjects_for_metrics\Mailpile\mailpile\postinglist.py,165,1,,,0,0,0
Mailpile,C:\Users\Zhifei Chen\Desktop\pysmell\subjects_for_metrics\Mailpile\mailpile\postinglist.py,165,1,,,0,0,0
Mailpile,C:\Users\Zhifei Chen\Desktop\pysmell\subjects_for_metrics\Mailpile\mailpile\postinglist.py,165,1,,,0,0,0
Mailpile,C:\Users\Zhifei Chen\Desktop\pysmell\subjects_for_metrics\Mailpile\mailpile\postinglist.py,166,1,,,0,0,0
Mailpile,C:\Users\Zhifei Chen\Desktop\pysmell\subjects_for_metrics\Mailpile\mailpile\postinglist.py,166,1,,,0,0,0
Mailpile,C:\Users\Zhifei Chen\Desktop\pysmell\subjects_for_metrics\Mailpile\mailpile\postinglist.py,166,1,,,0,0,0
Mailpile,C:\Users\Zhifei Chen\Desktop\pysmell\subjects_for_metrics\Mailpile\mailpile\postinglist.py,167,1,,,0,0,0
Mailpile,C:\Users\Zhifei Chen\Desktop\pysmell\subjects_for_metrics\Mailpile\mailpile\postinglist.py,172,,2,1,0,0,0
Mailpile,C:\Users\Zhifei Chen\Desktop\pysmell\subjects_for_metrics\Mailpile\mailpile\postinglist.py,176,1,,,0,0,0
Mailpile,C:\Users\Zhifei Chen\Desktop\pysmell\subjects_for_metrics\Mailpile\mailpile\postinglist.py,178,1,,,0,0,0
Mailpile,C:\Users\Zhifei Chen\Desktop\pysmell\subjects_for_metrics\Mailpile\mailpile\postinglist.py,180,1,,,0,0,0
Mailpile,C:\Users\Zhifei Chen\Desktop\pysmell\subjects_for_metrics\Mailpile\mailpile\postinglist.py,182,1,,,0,0,0
Mailpile,C:\Users\Zhifei Chen\Desktop\pysmell\subjects_for_metrics\Mailpile\mailpile\postinglist.py,186,1,,,0,0,0
Mailpile,C:\Users\Zhifei Chen\Desktop\pysmell\subjects_for_metrics\Mailpile\mailpile\postinglist.py,187,1,,,0,0,0
Mailpile,C:\Users\Zhifei Chen\Desktop\pysmell\subjects_for_metrics\Mailpile\mailpile\postinglist.py,188,1,,,0,0,0
Mailpile,C:\Users\Zhifei Chen\Desktop\pysmell\subjects_for_metrics\Mailpile\mailpile\postinglist.py,189,1,,,0,0,0
Mailpile,C:\Users\Zhifei Chen\Desktop\pysmell\subjects_for_metrics\Mailpile\mailpile\postinglist.py,226,1,,,0,0,0
Mailpile,C:\Users\Zhifei Chen\Desktop\pysmell\subjects_for_metrics\Mailpile\mailpile\postinglist.py,227,1,,,0,0,0
Mailpile,C:\Users\Zhifei Chen\Desktop\pysmell\subjects_for_metrics\Mailpile\mailpile\postinglist.py,233,1,,,0,0,0
Mailpile,C:\Users\Zhifei Chen\Desktop\pysmell\subjects_for_metrics\Mailpile\mailpile\postinglist.py,233,1,,,0,0,0
Mailpile,C:\Users\Zhifei Chen\Desktop\pysmell\subjects_for_metrics\Mailpile\mailpile\postinglist.py,239,1,,,0,0,0
Mailpile,C:\Users\Zhifei Chen\Desktop\pysmell\subjects_for_metrics\Mailpile\mailpile\postinglist.py,241,1,,,0,0,0
Mailpile,C:\Users\Zhifei Chen\Desktop\pysmell\subjects_for_metrics\Mailpile\mailpile\postinglist.py,247,1,,,0,0,0
Mailpile,C:\Users\Zhifei Chen\Desktop\pysmell\subjects_for_metrics\Mailpile\mailpile\postinglist.py,248,1,,,0,0,0
Mailpile,C:\Users\Zhifei Chen\Desktop\pysmell\subjects_for_metrics\Mailpile\mailpile\postinglist.py,249,1,,,0,0,0
Mailpile,C:\Users\Zhifei Chen\Desktop\pysmell\subjects_for_metrics\Mailpile\mailpile\postinglist.py,258,1,,,0,0,0
Mailpile,C:\Users\Zhifei Chen\Desktop\pysmell\subjects_for_metrics\Mailpile\mailpile\postinglist.py,268,1,,,0,0,0
Mailpile,C:\Users\Zhifei Chen\Desktop\pysmell\subjects_for_metrics\Mailpile\mailpile\postinglist.py,358,1,,,0,0,0
Mailpile,C:\Users\Zhifei Chen\Desktop\pysmell\subjects_for_metrics\Mailpile\mailpile\postinglist.py,360,1,,,0,0,0
Mailpile,C:\Users\Zhifei Chen\Desktop\pysmell\subjects_for_metrics\Mailpile\mailpile\postinglist.py,447,1,,,0,0,0
Mailpile,C:\Users\Zhifei Chen\Desktop\pysmell\subjects_for_metrics\Mailpile\mailpile\postinglist.py,457,1,,,0,0,0
Mailpile,C:\Users\Zhifei Chen\Desktop\pysmell\subjects_for_metrics\Mailpile\mailpile\postinglist.py,481,1,,,0,0,0
Mailpile,C:\Users\Zhifei Chen\Desktop\pysmell\subjects_for_metrics\Mailpile\mailpile\postinglist.py,482,1,,,0,0,0
Mailpile,C:\Users\Zhifei Chen\Desktop\pysmell\subjects_for_metrics\Mailpile\mailpile\postinglist.py,483,1,,,0,0,0
Mailpile,C:\Users\Zhifei Chen\Desktop\pysmell\subjects_for_metrics\Mailpile\mailpile\postinglist.py,483,1,,,0,0,0
Mailpile,C:\Users\Zhifei Chen\Desktop\pysmell\subjects_for_metrics\Mailpile\mailpile\postinglist.py,485,1,,,0,0,0
Mailpile,C:\Users\Zhifei Chen\Desktop\pysmell\subjects_for_metrics\Mailpile\mailpile\postinglist.py,485,1,,,0,0,0
Mailpile,C:\Users\Zhifei Chen\Desktop\pysmell\subjects_for_metrics\Mailpile\mailpile\postinglist.py,520,1,,,0,0,0
Mailpile,C:\Users\Zhifei Chen\Desktop\pysmell\subjects_for_metrics\Mailpile\mailpile\postinglist.py,524,1,,,0,0,0
Mailpile,C:\Users\Zhifei Chen\Desktop\pysmell\subjects_for_metrics\Mailpile\mailpile\postinglist.py,558,1,,,0,0,0
Mailpile,C:\Users\Zhifei Chen\Desktop\pysmell\subjects_for_metrics\Mailpile\mailpile\postinglist.py,563,1,,,0,0,0
Mailpile,C:\Users\Zhifei Chen\Desktop\pysmell\subjects_for_metrics\Mailpile\mailpile\postinglist.py,564,1,,,0,0,0
Mailpile,C:\Users\Zhifei Chen\Desktop\pysmell\subjects_for_metrics\Mailpile\mailpile\postinglist.py,596,1,,,0,0,0
Mailpile,C:\Users\Zhifei Chen\Desktop\pysmell\subjects_for_metrics\Mailpile\mailpile\postinglist.py,645,1,,,0,0,0
Mailpile,C:\Users\Zhifei Chen\Desktop\pysmell\subjects_for_metrics\Mailpile\mailpile\postinglist.py,647,1,,,0,0,0
Mailpile,C:\Users\Zhifei Chen\Desktop\pysmell\subjects_for_metrics\Mailpile\mailpile\postinglist.py,673,1,,,0,0,0
Mailpile,C:\Users\Zhifei Chen\Desktop\pysmell\subjects_for_metrics\Mailpile\mailpile\postinglist.py,674,1,,,0,0,0
Mailpile,C:\Users\Zhifei Chen\Desktop\pysmell\subjects_for_metrics\Mailpile\mailpile\postinglist.py,676,1,,,0,0,0
Mailpile,C:\Users\Zhifei Chen\Desktop\pysmell\subjects_for_metrics\Mailpile\mailpile\safe_popen.py,49,1,,,0,0,0
Mailpile,C:\Users\Zhifei Chen\Desktop\pysmell\subjects_for_metrics\Mailpile\mailpile\safe_popen.py,50,1,,,0,0,0
Mailpile,C:\Users\Zhifei Chen\Desktop\pysmell\subjects_for_metrics\Mailpile\mailpile\safe_popen.py,116,1,,,0,0,0
Mailpile,C:\Users\Zhifei Chen\Desktop\pysmell\subjects_for_metrics\Mailpile\mailpile\safe_popen.py,117,1,,,0,0,0
Mailpile,C:\Users\Zhifei Chen\Desktop\pysmell\subjects_for_metrics\Mailpile\mailpile\safe_popen.py,117,1,,,0,0,0
Mailpile,C:\Users\Zhifei Chen\Desktop\pysmell\subjects_for_metrics\Mailpile\mailpile\search.py,51,1,,,0,0,0
Mailpile,C:\Users\Zhifei Chen\Desktop\pysmell\subjects_for_metrics\Mailpile\mailpile\search.py,51,1,,,0,0,0
Mailpile,C:\Users\Zhifei Chen\Desktop\pysmell\subjects_for_metrics\Mailpile\mailpile\search.py,54,1,,,0,0,0
Mailpile,C:\Users\Zhifei Chen\Desktop\pysmell\subjects_for_metrics\Mailpile\mailpile\search.py,69,1,,,0,0,0
Mailpile,C:\Users\Zhifei Chen\Desktop\pysmell\subjects_for_metrics\Mailpile\mailpile\search.py,77,1,,,0,0,0
Mailpile,C:\Users\Zhifei Chen\Desktop\pysmell\subjects_for_metrics\Mailpile\mailpile\search.py,78,1,,,0,0,0
Mailpile,C:\Users\Zhifei Chen\Desktop\pysmell\subjects_for_metrics\Mailpile\mailpile\search.py,163,1,,,0,0,0
Mailpile,C:\Users\Zhifei Chen\Desktop\pysmell\subjects_for_metrics\Mailpile\mailpile\search.py,176,1,,,0,0,0
Mailpile,C:\Users\Zhifei Chen\Desktop\pysmell\subjects_for_metrics\Mailpile\mailpile\search.py,184,1,,,0,0,0
Mailpile,C:\Users\Zhifei Chen\Desktop\pysmell\subjects_for_metrics\Mailpile\mailpile\search.py,184,1,,,0,0,0
Mailpile,C:\Users\Zhifei Chen\Desktop\pysmell\subjects_for_metrics\Mailpile\mailpile\search.py,184,2,,,0,0,0
Mailpile,C:\Users\Zhifei Chen\Desktop\pysmell\subjects_for_metrics\Mailpile\mailpile\search.py,191,1,,,0,0,0
Mailpile,C:\Users\Zhifei Chen\Desktop\pysmell\subjects_for_metrics\Mailpile\mailpile\search.py,193,1,,,0,0,0
Mailpile,C:\Users\Zhifei Chen\Desktop\pysmell\subjects_for_metrics\Mailpile\mailpile\search.py,195,1,,,0,0,0
Mailpile,C:\Users\Zhifei Chen\Desktop\pysmell\subjects_for_metrics\Mailpile\mailpile\search.py,196,1,,,0,0,0
Mailpile,C:\Users\Zhifei Chen\Desktop\pysmell\subjects_for_metrics\Mailpile\mailpile\search.py,196,1,,,0,0,0
Mailpile,C:\Users\Zhifei Chen\Desktop\pysmell\subjects_for_metrics\Mailpile\mailpile\search.py,197,1,,,0,0,0
Mailpile,C:\Users\Zhifei Chen\Desktop\pysmell\subjects_for_metrics\Mailpile\mailpile\search.py,203,1,,,0,0,0
Mailpile,C:\Users\Zhifei Chen\Desktop\pysmell\subjects_for_metrics\Mailpile\mailpile\search.py,218,1,,,0,0,0
Mailpile,C:\Users\Zhifei Chen\Desktop\pysmell\subjects_for_metrics\Mailpile\mailpile\search.py,220,1,,,0,0,0
Mailpile,C:\Users\Zhifei Chen\Desktop\pysmell\subjects_for_metrics\Mailpile\mailpile\search.py,240,1,,,0,0,0
Mailpile,C:\Users\Zhifei Chen\Desktop\pysmell\subjects_for_metrics\Mailpile\mailpile\search.py,241,1,,,0,0,0
Mailpile,C:\Users\Zhifei Chen\Desktop\pysmell\subjects_for_metrics\Mailpile\mailpile\search.py,318,1,,,0,0,0
Mailpile,C:\Users\Zhifei Chen\Desktop\pysmell\subjects_for_metrics\Mailpile\mailpile\search.py,321,1,,,0,0,0
Mailpile,C:\Users\Zhifei Chen\Desktop\pysmell\subjects_for_metrics\Mailpile\mailpile\search.py,322,1,,,0,0,0
Mailpile,C:\Users\Zhifei Chen\Desktop\pysmell\subjects_for_metrics\Mailpile\mailpile\search.py,436,1,,,0,0,0
Mailpile,C:\Users\Zhifei Chen\Desktop\pysmell\subjects_for_metrics\Mailpile\mailpile\search.py,438,1,,,0,0,0
Mailpile,C:\Users\Zhifei Chen\Desktop\pysmell\subjects_for_metrics\Mailpile\mailpile\search.py,438,1,,,0,0,0
Mailpile,C:\Users\Zhifei Chen\Desktop\pysmell\subjects_for_metrics\Mailpile\mailpile\search.py,439,1,,,0,0,0
Mailpile,C:\Users\Zhifei Chen\Desktop\pysmell\subjects_for_metrics\Mailpile\mailpile\search.py,440,1,,,0,0,0
Mailpile,C:\Users\Zhifei Chen\Desktop\pysmell\subjects_for_metrics\Mailpile\mailpile\search.py,492,1,,,0,0,0
Mailpile,C:\Users\Zhifei Chen\Desktop\pysmell\subjects_for_metrics\Mailpile\mailpile\search.py,520,1,,,0,0,0
Mailpile,C:\Users\Zhifei Chen\Desktop\pysmell\subjects_for_metrics\Mailpile\mailpile\search.py,521,1,,,0,0,0
Mailpile,C:\Users\Zhifei Chen\Desktop\pysmell\subjects_for_metrics\Mailpile\mailpile\search.py,524,1,,,0,0,0
Mailpile,C:\Users\Zhifei Chen\Desktop\pysmell\subjects_for_metrics\Mailpile\mailpile\search.py,527,1,,,0,0,0
Mailpile,C:\Users\Zhifei Chen\Desktop\pysmell\subjects_for_metrics\Mailpile\mailpile\search.py,535,1,,,0,0,0
Mailpile,C:\Users\Zhifei Chen\Desktop\pysmell\subjects_for_metrics\Mailpile\mailpile\search.py,536,1,,,0,0,0
Mailpile,C:\Users\Zhifei Chen\Desktop\pysmell\subjects_for_metrics\Mailpile\mailpile\search.py,540,2,,,0,0,0
Mailpile,C:\Users\Zhifei Chen\Desktop\pysmell\subjects_for_metrics\Mailpile\mailpile\search.py,540,1,,,0,0,0
Mailpile,C:\Users\Zhifei Chen\Desktop\pysmell\subjects_for_metrics\Mailpile\mailpile\search.py,541,1,,,0,0,0
Mailpile,C:\Users\Zhifei Chen\Desktop\pysmell\subjects_for_metrics\Mailpile\mailpile\search.py,548,1,,,0,0,0
Mailpile,C:\Users\Zhifei Chen\Desktop\pysmell\subjects_for_metrics\Mailpile\mailpile\search.py,569,1,,,0,0,0
Mailpile,C:\Users\Zhifei Chen\Desktop\pysmell\subjects_for_metrics\Mailpile\mailpile\search.py,583,1,,,0,0,0
Mailpile,C:\Users\Zhifei Chen\Desktop\pysmell\subjects_for_metrics\Mailpile\mailpile\search.py,587,1,,,0,0,0
Mailpile,C:\Users\Zhifei Chen\Desktop\pysmell\subjects_for_metrics\Mailpile\mailpile\search.py,596,1,,,0,0,0
Mailpile,C:\Users\Zhifei Chen\Desktop\pysmell\subjects_for_metrics\Mailpile\mailpile\search.py,597,1,,,0,0,0
Mailpile,C:\Users\Zhifei Chen\Desktop\pysmell\subjects_for_metrics\Mailpile\mailpile\search.py,637,1,,,0,0,0
Mailpile,C:\Users\Zhifei Chen\Desktop\pysmell\subjects_for_metrics\Mailpile\mailpile\search.py,639,1,,,0,0,0
Mailpile,C:\Users\Zhifei Chen\Desktop\pysmell\subjects_for_metrics\Mailpile\mailpile\search.py,647,,2,1,0,0,0
Mailpile,C:\Users\Zhifei Chen\Desktop\pysmell\subjects_for_metrics\Mailpile\mailpile\search.py,669,1,,,0,0,0
Mailpile,C:\Users\Zhifei Chen\Desktop\pysmell\subjects_for_metrics\Mailpile\mailpile\search.py,671,1,,,0,0,0
Mailpile,C:\Users\Zhifei Chen\Desktop\pysmell\subjects_for_metrics\Mailpile\mailpile\search.py,673,1,,,0,0,0
Mailpile,C:\Users\Zhifei Chen\Desktop\pysmell\subjects_for_metrics\Mailpile\mailpile\search.py,673,1,,,0,0,0
Mailpile,C:\Users\Zhifei Chen\Desktop\pysmell\subjects_for_metrics\Mailpile\mailpile\search.py,721,1,,,0,0,0
Mailpile,C:\Users\Zhifei Chen\Desktop\pysmell\subjects_for_metrics\Mailpile\mailpile\search.py,743,1,,,0,0,0
Mailpile,C:\Users\Zhifei Chen\Desktop\pysmell\subjects_for_metrics\Mailpile\mailpile\search.py,751,1,,,0,0,0
Mailpile,C:\Users\Zhifei Chen\Desktop\pysmell\subjects_for_metrics\Mailpile\mailpile\search.py,752,1,,,0,0,0
Mailpile,C:\Users\Zhifei Chen\Desktop\pysmell\subjects_for_metrics\Mailpile\mailpile\search.py,781,1,,,0,0,0
Mailpile,C:\Users\Zhifei Chen\Desktop\pysmell\subjects_for_metrics\Mailpile\mailpile\search.py,792,1,,,0,0,0
Mailpile,C:\Users\Zhifei Chen\Desktop\pysmell\subjects_for_metrics\Mailpile\mailpile\search.py,793,1,,,0,0,0
Mailpile,C:\Users\Zhifei Chen\Desktop\pysmell\subjects_for_metrics\Mailpile\mailpile\search.py,862,1,,,0,0,0
Mailpile,C:\Users\Zhifei Chen\Desktop\pysmell\subjects_for_metrics\Mailpile\mailpile\search.py,864,1,,,0,0,0
Mailpile,C:\Users\Zhifei Chen\Desktop\pysmell\subjects_for_metrics\Mailpile\mailpile\search.py,875,1,,,0,0,0
Mailpile,C:\Users\Zhifei Chen\Desktop\pysmell\subjects_for_metrics\Mailpile\mailpile\search.py,878,1,,,0,0,0
Mailpile,C:\Users\Zhifei Chen\Desktop\pysmell\subjects_for_metrics\Mailpile\mailpile\search.py,879,1,,,0,0,0
Mailpile,C:\Users\Zhifei Chen\Desktop\pysmell\subjects_for_metrics\Mailpile\mailpile\search.py,887,1,,,0,0,0
Mailpile,C:\Users\Zhifei Chen\Desktop\pysmell\subjects_for_metrics\Mailpile\mailpile\search.py,889,1,,,0,0,0
Mailpile,C:\Users\Zhifei Chen\Desktop\pysmell\subjects_for_metrics\Mailpile\mailpile\search.py,891,1,,,0,0,0
Mailpile,C:\Users\Zhifei Chen\Desktop\pysmell\subjects_for_metrics\Mailpile\mailpile\search.py,893,1,,,0,0,0
Mailpile,C:\Users\Zhifei Chen\Desktop\pysmell\subjects_for_metrics\Mailpile\mailpile\search.py,895,1,,,0,0,0
Mailpile,C:\Users\Zhifei Chen\Desktop\pysmell\subjects_for_metrics\Mailpile\mailpile\search.py,897,1,,,0,0,0
Mailpile,C:\Users\Zhifei Chen\Desktop\pysmell\subjects_for_metrics\Mailpile\mailpile\search.py,899,1,,,0,0,0
Mailpile,C:\Users\Zhifei Chen\Desktop\pysmell\subjects_for_metrics\Mailpile\mailpile\search.py,901,1,,,0,0,0
Mailpile,C:\Users\Zhifei Chen\Desktop\pysmell\subjects_for_metrics\Mailpile\mailpile\search.py,903,1,,,0,0,0
Mailpile,C:\Users\Zhifei Chen\Desktop\pysmell\subjects_for_metrics\Mailpile\mailpile\search.py,905,1,,,0,0,0
Mailpile,C:\Users\Zhifei Chen\Desktop\pysmell\subjects_for_metrics\Mailpile\mailpile\search.py,940,1,,,0,0,0
Mailpile,C:\Users\Zhifei Chen\Desktop\pysmell\subjects_for_metrics\Mailpile\mailpile\search.py,963,1,,,0,0,0
Mailpile,C:\Users\Zhifei Chen\Desktop\pysmell\subjects_for_metrics\Mailpile\mailpile\search.py,992,1,,,0,0,0
Mailpile,C:\Users\Zhifei Chen\Desktop\pysmell\subjects_for_metrics\Mailpile\mailpile\search.py,1003,1,,,0,0,0
Mailpile,C:\Users\Zhifei Chen\Desktop\pysmell\subjects_for_metrics\Mailpile\mailpile\search.py,1004,2,,,0,0,0
Mailpile,C:\Users\Zhifei Chen\Desktop\pysmell\subjects_for_metrics\Mailpile\mailpile\search.py,1004,1,,,0,0,0
Mailpile,C:\Users\Zhifei Chen\Desktop\pysmell\subjects_for_metrics\Mailpile\mailpile\search.py,1005,1,,,0,0,0
Mailpile,C:\Users\Zhifei Chen\Desktop\pysmell\subjects_for_metrics\Mailpile\mailpile\search.py,1024,1,,,0,0,0
Mailpile,C:\Users\Zhifei Chen\Desktop\pysmell\subjects_for_metrics\Mailpile\mailpile\search.py,1025,1,,,0,0,0
Mailpile,C:\Users\Zhifei Chen\Desktop\pysmell\subjects_for_metrics\Mailpile\mailpile\search.py,1026,1,,,0,0,0
Mailpile,C:\Users\Zhifei Chen\Desktop\pysmell\subjects_for_metrics\Mailpile\mailpile\search.py,1084,1,,,0,0,0
Mailpile,C:\Users\Zhifei Chen\Desktop\pysmell\subjects_for_metrics\Mailpile\mailpile\search.py,1086,1,,,0,0,0
Mailpile,C:\Users\Zhifei Chen\Desktop\pysmell\subjects_for_metrics\Mailpile\mailpile\search.py,1120,1,,,0,0,0
Mailpile,C:\Users\Zhifei Chen\Desktop\pysmell\subjects_for_metrics\Mailpile\mailpile\search.py,1122,1,,,0,0,0
Mailpile,C:\Users\Zhifei Chen\Desktop\pysmell\subjects_for_metrics\Mailpile\mailpile\search.py,1129,1,,,0,0,0
Mailpile,C:\Users\Zhifei Chen\Desktop\pysmell\subjects_for_metrics\Mailpile\mailpile\search.py,1129,1,,,0,0,0
Mailpile,C:\Users\Zhifei Chen\Desktop\pysmell\subjects_for_metrics\Mailpile\mailpile\search.py,1133,2,,,0,0,0
Mailpile,C:\Users\Zhifei Chen\Desktop\pysmell\subjects_for_metrics\Mailpile\mailpile\search.py,1134,1,,,0,0,0
Mailpile,C:\Users\Zhifei Chen\Desktop\pysmell\subjects_for_metrics\Mailpile\mailpile\search.py,1137,1,,,0,0,0
Mailpile,C:\Users\Zhifei Chen\Desktop\pysmell\subjects_for_metrics\Mailpile\mailpile\search.py,1138,1,,,0,0,0
Mailpile,C:\Users\Zhifei Chen\Desktop\pysmell\subjects_for_metrics\Mailpile\mailpile\search.py,1141,1,,,0,0,0
Mailpile,C:\Users\Zhifei Chen\Desktop\pysmell\subjects_for_metrics\Mailpile\mailpile\search.py,1144,1,,,0,0,0
Mailpile,C:\Users\Zhifei Chen\Desktop\pysmell\subjects_for_metrics\Mailpile\mailpile\search.py,1146,1,,,0,0,0
Mailpile,C:\Users\Zhifei Chen\Desktop\pysmell\subjects_for_metrics\Mailpile\mailpile\search.py,1151,2,,,0,0,0
Mailpile,C:\Users\Zhifei Chen\Desktop\pysmell\subjects_for_metrics\Mailpile\mailpile\search.py,1154,1,,,0,0,0
Mailpile,C:\Users\Zhifei Chen\Desktop\pysmell\subjects_for_metrics\Mailpile\mailpile\search.py,1157,1,,,0,0,0
Mailpile,C:\Users\Zhifei Chen\Desktop\pysmell\subjects_for_metrics\Mailpile\mailpile\search.py,1164,1,,,0,0,0
Mailpile,C:\Users\Zhifei Chen\Desktop\pysmell\subjects_for_metrics\Mailpile\mailpile\search.py,1165,1,,,0,0,0
Mailpile,C:\Users\Zhifei Chen\Desktop\pysmell\subjects_for_metrics\Mailpile\mailpile\search.py,1172,1,,,0,0,0
Mailpile,C:\Users\Zhifei Chen\Desktop\pysmell\subjects_for_metrics\Mailpile\mailpile\search.py,1174,2,,,0,0,0
Mailpile,C:\Users\Zhifei Chen\Desktop\pysmell\subjects_for_metrics\Mailpile\mailpile\search.py,1192,1,,,0,0,0
Mailpile,C:\Users\Zhifei Chen\Desktop\pysmell\subjects_for_metrics\Mailpile\mailpile\search.py,1194,1,,,0,0,0
Mailpile,C:\Users\Zhifei Chen\Desktop\pysmell\subjects_for_metrics\Mailpile\mailpile\search.py,1228,1,,,0,0,0
Mailpile,C:\Users\Zhifei Chen\Desktop\pysmell\subjects_for_metrics\Mailpile\mailpile\search.py,1242,1,,,0,0,0
Mailpile,C:\Users\Zhifei Chen\Desktop\pysmell\subjects_for_metrics\Mailpile\mailpile\search.py,1244,1,,,0,0,0
Mailpile,C:\Users\Zhifei Chen\Desktop\pysmell\subjects_for_metrics\Mailpile\mailpile\search.py,1245,1,,,0,0,0
Mailpile,C:\Users\Zhifei Chen\Desktop\pysmell\subjects_for_metrics\Mailpile\mailpile\search.py,1246,1,,,0,0,0
Mailpile,C:\Users\Zhifei Chen\Desktop\pysmell\subjects_for_metrics\Mailpile\mailpile\search.py,1246,1,,,0,0,0
Mailpile,C:\Users\Zhifei Chen\Desktop\pysmell\subjects_for_metrics\Mailpile\mailpile\search.py,1258,1,,,0,0,0
Mailpile,C:\Users\Zhifei Chen\Desktop\pysmell\subjects_for_metrics\Mailpile\mailpile\search.py,1258,1,,,0,0,0
Mailpile,C:\Users\Zhifei Chen\Desktop\pysmell\subjects_for_metrics\Mailpile\mailpile\search.py,1259,1,,,0,0,0
Mailpile,C:\Users\Zhifei Chen\Desktop\pysmell\subjects_for_metrics\Mailpile\mailpile\search.py,1270,1,,,0,0,0
Mailpile,C:\Users\Zhifei Chen\Desktop\pysmell\subjects_for_metrics\Mailpile\mailpile\search.py,1274,1,,,0,0,0
Mailpile,C:\Users\Zhifei Chen\Desktop\pysmell\subjects_for_metrics\Mailpile\mailpile\search.py,1275,1,,,0,0,0
Mailpile,C:\Users\Zhifei Chen\Desktop\pysmell\subjects_for_metrics\Mailpile\mailpile\search.py,1276,1,,,0,0,0
Mailpile,C:\Users\Zhifei Chen\Desktop\pysmell\subjects_for_metrics\Mailpile\mailpile\search.py,1278,1,,,0,0,0
Mailpile,C:\Users\Zhifei Chen\Desktop\pysmell\subjects_for_metrics\Mailpile\mailpile\search.py,1279,1,,,0,0,0
Mailpile,C:\Users\Zhifei Chen\Desktop\pysmell\subjects_for_metrics\Mailpile\mailpile\search.py,1280,1,,,0,0,0
Mailpile,C:\Users\Zhifei Chen\Desktop\pysmell\subjects_for_metrics\Mailpile\mailpile\search.py,1285,1,,,0,0,0
Mailpile,C:\Users\Zhifei Chen\Desktop\pysmell\subjects_for_metrics\Mailpile\mailpile\search.py,1299,1,,,0,0,0
Mailpile,C:\Users\Zhifei Chen\Desktop\pysmell\subjects_for_metrics\Mailpile\mailpile\search.py,1304,1,,,0,0,0
Mailpile,C:\Users\Zhifei Chen\Desktop\pysmell\subjects_for_metrics\Mailpile\mailpile\search.py,1305,1,,,0,0,0
Mailpile,C:\Users\Zhifei Chen\Desktop\pysmell\subjects_for_metrics\Mailpile\mailpile\search.py,1307,1,,,0,0,0
Mailpile,C:\Users\Zhifei Chen\Desktop\pysmell\subjects_for_metrics\Mailpile\mailpile\search.py,1311,1,,,0,0,0
Mailpile,C:\Users\Zhifei Chen\Desktop\pysmell\subjects_for_metrics\Mailpile\mailpile\search.py,1318,1,,,0,0,0
Mailpile,C:\Users\Zhifei Chen\Desktop\pysmell\subjects_for_metrics\Mailpile\mailpile\search.py,1327,1,,,0,0,0
Mailpile,C:\Users\Zhifei Chen\Desktop\pysmell\subjects_for_metrics\Mailpile\mailpile\search.py,1341,1,,,0,0,0
Mailpile,C:\Users\Zhifei Chen\Desktop\pysmell\subjects_for_metrics\Mailpile\mailpile\search.py,1349,1,,,0,0,0
Mailpile,C:\Users\Zhifei Chen\Desktop\pysmell\subjects_for_metrics\Mailpile\mailpile\search.py,1377,1,,,0,0,0
Mailpile,C:\Users\Zhifei Chen\Desktop\pysmell\subjects_for_metrics\Mailpile\mailpile\search.py,1384,2,,,0,0,0
Mailpile,C:\Users\Zhifei Chen\Desktop\pysmell\subjects_for_metrics\Mailpile\mailpile\search.py,1385,2,,,0,0,0
Mailpile,C:\Users\Zhifei Chen\Desktop\pysmell\subjects_for_metrics\Mailpile\mailpile\search.py,1389,1,,,0,0,0
Mailpile,C:\Users\Zhifei Chen\Desktop\pysmell\subjects_for_metrics\Mailpile\mailpile\search.py,1389,1,,,0,0,0
Mailpile,C:\Users\Zhifei Chen\Desktop\pysmell\subjects_for_metrics\Mailpile\mailpile\search.py,1411,1,,,0,0,0
Mailpile,C:\Users\Zhifei Chen\Desktop\pysmell\subjects_for_metrics\Mailpile\mailpile\search.py,1413,1,,,0,0,0
Mailpile,C:\Users\Zhifei Chen\Desktop\pysmell\subjects_for_metrics\Mailpile\mailpile\search.py,1446,1,,,0,0,0
Mailpile,C:\Users\Zhifei Chen\Desktop\pysmell\subjects_for_metrics\Mailpile\mailpile\search.py,1454,1,,,0,0,0
Mailpile,C:\Users\Zhifei Chen\Desktop\pysmell\subjects_for_metrics\Mailpile\mailpile\search.py,1454,1,,,0,0,0
Mailpile,C:\Users\Zhifei Chen\Desktop\pysmell\subjects_for_metrics\Mailpile\mailpile\search.py,1456,1,,,0,0,0
Mailpile,C:\Users\Zhifei Chen\Desktop\pysmell\subjects_for_metrics\Mailpile\mailpile\search.py,1456,1,,,0,0,0
Mailpile,C:\Users\Zhifei Chen\Desktop\pysmell\subjects_for_metrics\Mailpile\mailpile\search.py,1474,1,,,0,0,0
Mailpile,C:\Users\Zhifei Chen\Desktop\pysmell\subjects_for_metrics\Mailpile\mailpile\search.py,1540,2,,,0,0,0
Mailpile,C:\Users\Zhifei Chen\Desktop\pysmell\subjects_for_metrics\Mailpile\mailpile\search.py,1548,1,,,0,0,0
Mailpile,C:\Users\Zhifei Chen\Desktop\pysmell\subjects_for_metrics\Mailpile\mailpile\search.py,1550,1,,,0,0,0
Mailpile,C:\Users\Zhifei Chen\Desktop\pysmell\subjects_for_metrics\Mailpile\mailpile\search.py,1550,1,,,0,0,0
Mailpile,C:\Users\Zhifei Chen\Desktop\pysmell\subjects_for_metrics\Mailpile\mailpile\search.py,1551,1,,,0,0,0
Mailpile,C:\Users\Zhifei Chen\Desktop\pysmell\subjects_for_metrics\Mailpile\mailpile\search.py,1552,1,,,0,0,0
Mailpile,C:\Users\Zhifei Chen\Desktop\pysmell\subjects_for_metrics\Mailpile\mailpile\search.py,1553,1,,,0,0,0
Mailpile,C:\Users\Zhifei Chen\Desktop\pysmell\subjects_for_metrics\Mailpile\mailpile\search.py,1553,1,,,0,0,0
Mailpile,C:\Users\Zhifei Chen\Desktop\pysmell\subjects_for_metrics\Mailpile\mailpile\search.py,1554,1,,,0,0,0
Mailpile,C:\Users\Zhifei Chen\Desktop\pysmell\subjects_for_metrics\Mailpile\mailpile\search.py,1555,1,,,0,0,0
Mailpile,C:\Users\Zhifei Chen\Desktop\pysmell\subjects_for_metrics\Mailpile\mailpile\search.py,1560,1,,,0,0,0
Mailpile,C:\Users\Zhifei Chen\Desktop\pysmell\subjects_for_metrics\Mailpile\mailpile\search.py,1575,1,,,0,0,0
Mailpile,C:\Users\Zhifei Chen\Desktop\pysmell\subjects_for_metrics\Mailpile\mailpile\search.py,1575,1,,,0,0,0
Mailpile,C:\Users\Zhifei Chen\Desktop\pysmell\subjects_for_metrics\Mailpile\mailpile\search.py,1586,1,,,0,0,0
Mailpile,C:\Users\Zhifei Chen\Desktop\pysmell\subjects_for_metrics\Mailpile\mailpile\search.py,1591,1,,,0,0,0
Mailpile,C:\Users\Zhifei Chen\Desktop\pysmell\subjects_for_metrics\Mailpile\mailpile\search.py,1599,1,,,0,0,0
Mailpile,C:\Users\Zhifei Chen\Desktop\pysmell\subjects_for_metrics\Mailpile\mailpile\search.py,1612,1,,,0,0,0
Mailpile,C:\Users\Zhifei Chen\Desktop\pysmell\subjects_for_metrics\Mailpile\mailpile\search.py,1613,1,,,0,0,0
Mailpile,C:\Users\Zhifei Chen\Desktop\pysmell\subjects_for_metrics\Mailpile\mailpile\search.py,1625,1,,,0,0,0
Mailpile,C:\Users\Zhifei Chen\Desktop\pysmell\subjects_for_metrics\Mailpile\mailpile\search.py,1629,1,,,0,0,0
Mailpile,C:\Users\Zhifei Chen\Desktop\pysmell\subjects_for_metrics\Mailpile\mailpile\search.py,1630,1,,,0,0,0
Mailpile,C:\Users\Zhifei Chen\Desktop\pysmell\subjects_for_metrics\Mailpile\mailpile\search.py,1634,1,,,0,0,0
Mailpile,C:\Users\Zhifei Chen\Desktop\pysmell\subjects_for_metrics\Mailpile\mailpile\search.py,1634,1,,,0,0,0
Mailpile,C:\Users\Zhifei Chen\Desktop\pysmell\subjects_for_metrics\Mailpile\mailpile\search.py,1638,1,,,0,0,0
Mailpile,C:\Users\Zhifei Chen\Desktop\pysmell\subjects_for_metrics\Mailpile\mailpile\search.py,1640,1,,,0,0,0
Mailpile,C:\Users\Zhifei Chen\Desktop\pysmell\subjects_for_metrics\Mailpile\mailpile\search.py,1653,1,,,0,0,0
Mailpile,C:\Users\Zhifei Chen\Desktop\pysmell\subjects_for_metrics\Mailpile\mailpile\search.py,1666,1,,,0,0,0
Mailpile,C:\Users\Zhifei Chen\Desktop\pysmell\subjects_for_metrics\Mailpile\mailpile\search.py,1667,1,,,0,0,0
Mailpile,C:\Users\Zhifei Chen\Desktop\pysmell\subjects_for_metrics\Mailpile\mailpile\search.py,1678,1,,,0,0,0
Mailpile,C:\Users\Zhifei Chen\Desktop\pysmell\subjects_for_metrics\Mailpile\mailpile\search.py,1682,1,,,0,0,0
Mailpile,C:\Users\Zhifei Chen\Desktop\pysmell\subjects_for_metrics\Mailpile\mailpile\search.py,1683,1,,,0,0,0
Mailpile,C:\Users\Zhifei Chen\Desktop\pysmell\subjects_for_metrics\Mailpile\mailpile\search.py,1687,1,,,0,0,0
Mailpile,C:\Users\Zhifei Chen\Desktop\pysmell\subjects_for_metrics\Mailpile\mailpile\search.py,1687,1,,,0,0,0
Mailpile,C:\Users\Zhifei Chen\Desktop\pysmell\subjects_for_metrics\Mailpile\mailpile\search.py,1691,1,,,0,0,0
Mailpile,C:\Users\Zhifei Chen\Desktop\pysmell\subjects_for_metrics\Mailpile\mailpile\search.py,1703,1,,,0,0,0
Mailpile,C:\Users\Zhifei Chen\Desktop\pysmell\subjects_for_metrics\Mailpile\mailpile\search.py,1703,1,,,0,0,0
Mailpile,C:\Users\Zhifei Chen\Desktop\pysmell\subjects_for_metrics\Mailpile\mailpile\search.py,1716,1,,,0,0,0
Mailpile,C:\Users\Zhifei Chen\Desktop\pysmell\subjects_for_metrics\Mailpile\mailpile\search.py,1716,1,,,0,0,0
Mailpile,C:\Users\Zhifei Chen\Desktop\pysmell\subjects_for_metrics\Mailpile\mailpile\search.py,1743,1,,,0,0,0
Mailpile,C:\Users\Zhifei Chen\Desktop\pysmell\subjects_for_metrics\Mailpile\mailpile\search.py,1755,1,,,0,0,0
Mailpile,C:\Users\Zhifei Chen\Desktop\pysmell\subjects_for_metrics\Mailpile\mailpile\search.py,1772,1,,,0,0,0
Mailpile,C:\Users\Zhifei Chen\Desktop\pysmell\subjects_for_metrics\Mailpile\mailpile\search.py,1772,1,,,0,0,0
Mailpile,C:\Users\Zhifei Chen\Desktop\pysmell\subjects_for_metrics\Mailpile\mailpile\search.py,1776,1,,,0,0,0
Mailpile,C:\Users\Zhifei Chen\Desktop\pysmell\subjects_for_metrics\Mailpile\mailpile\search.py,1776,1,,,0,0,0
Mailpile,C:\Users\Zhifei Chen\Desktop\pysmell\subjects_for_metrics\Mailpile\mailpile\search.py,1779,1,,,0,0,0
Mailpile,C:\Users\Zhifei Chen\Desktop\pysmell\subjects_for_metrics\Mailpile\mailpile\search.py,1779,2,,,0,0,0
Mailpile,C:\Users\Zhifei Chen\Desktop\pysmell\subjects_for_metrics\Mailpile\mailpile\search.py,1780,1,,,0,0,0
Mailpile,C:\Users\Zhifei Chen\Desktop\pysmell\subjects_for_metrics\Mailpile\mailpile\search.py,1783,,2,1,0,0,0
Mailpile,C:\Users\Zhifei Chen\Desktop\pysmell\subjects_for_metrics\Mailpile\mailpile\search.py,1793,1,,,0,0,0
Mailpile,C:\Users\Zhifei Chen\Desktop\pysmell\subjects_for_metrics\Mailpile\mailpile\search.py,1794,1,,,0,0,0
Mailpile,C:\Users\Zhifei Chen\Desktop\pysmell\subjects_for_metrics\Mailpile\mailpile\search.py,1795,1,,,0,0,0
Mailpile,C:\Users\Zhifei Chen\Desktop\pysmell\subjects_for_metrics\Mailpile\mailpile\search.py,1799,,2,1,0,0,0
Mailpile,C:\Users\Zhifei Chen\Desktop\pysmell\subjects_for_metrics\Mailpile\mailpile\search.py,1800,2,,,0,0,0
Mailpile,C:\Users\Zhifei Chen\Desktop\pysmell\subjects_for_metrics\Mailpile\mailpile\search.py,1811,1,,,0,0,0
Mailpile,C:\Users\Zhifei Chen\Desktop\pysmell\subjects_for_metrics\Mailpile\mailpile\search.py,1822,1,,,0,0,0
Mailpile,C:\Users\Zhifei Chen\Desktop\pysmell\subjects_for_metrics\Mailpile\mailpile\search.py,1839,1,,,0,0,0
Mailpile,C:\Users\Zhifei Chen\Desktop\pysmell\subjects_for_metrics\Mailpile\mailpile\search.py,1843,1,,,0,0,0
Mailpile,C:\Users\Zhifei Chen\Desktop\pysmell\subjects_for_metrics\Mailpile\mailpile\search.py,1843,1,,,0,0,0
Mailpile,C:\Users\Zhifei Chen\Desktop\pysmell\subjects_for_metrics\Mailpile\mailpile\search.py,1848,2,,,0,0,0
Mailpile,C:\Users\Zhifei Chen\Desktop\pysmell\subjects_for_metrics\Mailpile\mailpile\search.py,1849,1,,,0,0,0
Mailpile,C:\Users\Zhifei Chen\Desktop\pysmell\subjects_for_metrics\Mailpile\mailpile\search.py,1879,1,,,0,0,0
Mailpile,C:\Users\Zhifei Chen\Desktop\pysmell\subjects_for_metrics\Mailpile\mailpile\search.py,1880,1,,,0,0,0
Mailpile,C:\Users\Zhifei Chen\Desktop\pysmell\subjects_for_metrics\Mailpile\mailpile\search.py,1904,1,,,0,0,0
Mailpile,C:\Users\Zhifei Chen\Desktop\pysmell\subjects_for_metrics\Mailpile\mailpile\search.py,1913,1,,,0,0,0
Mailpile,C:\Users\Zhifei Chen\Desktop\pysmell\subjects_for_metrics\Mailpile\mailpile\search.py,1924,1,,,0,0,0
Mailpile,C:\Users\Zhifei Chen\Desktop\pysmell\subjects_for_metrics\Mailpile\mailpile\search.py,1984,,2,2,0,0,0
Mailpile,C:\Users\Zhifei Chen\Desktop\pysmell\subjects_for_metrics\Mailpile\mailpile\search.py,1986,1,,,0,0,0
Mailpile,C:\Users\Zhifei Chen\Desktop\pysmell\subjects_for_metrics\Mailpile\mailpile\search.py,1986,1,,,0,0,0
Mailpile,C:\Users\Zhifei Chen\Desktop\pysmell\subjects_for_metrics\Mailpile\mailpile\search.py,1987,1,,,0,0,0
Mailpile,C:\Users\Zhifei Chen\Desktop\pysmell\subjects_for_metrics\Mailpile\mailpile\search.py,1988,1,,,0,0,0
Mailpile,C:\Users\Zhifei Chen\Desktop\pysmell\subjects_for_metrics\Mailpile\mailpile\search.py,1988,1,,,0,0,0
Mailpile,C:\Users\Zhifei Chen\Desktop\pysmell\subjects_for_metrics\Mailpile\mailpile\search.py,1988,1,,,0,0,0
Mailpile,C:\Users\Zhifei Chen\Desktop\pysmell\subjects_for_metrics\Mailpile\mailpile\search.py,1989,1,,,0,0,0
Mailpile,C:\Users\Zhifei Chen\Desktop\pysmell\subjects_for_metrics\Mailpile\mailpile\search_history.py,52,1,,,0,0,0
Mailpile,C:\Users\Zhifei Chen\Desktop\pysmell\subjects_for_metrics\Mailpile\mailpile\search_history.py,58,1,,,0,0,0
Mailpile,C:\Users\Zhifei Chen\Desktop\pysmell\subjects_for_metrics\Mailpile\mailpile\search_history.py,77,1,,,0,0,0
Mailpile,C:\Users\Zhifei Chen\Desktop\pysmell\subjects_for_metrics\Mailpile\mailpile\search_history.py,78,1,,,0,0,0
Mailpile,C:\Users\Zhifei Chen\Desktop\pysmell\subjects_for_metrics\Mailpile\mailpile\search_history.py,84,1,,,0,0,0
Mailpile,C:\Users\Zhifei Chen\Desktop\pysmell\subjects_for_metrics\Mailpile\mailpile\search_history.py,90,1,,,0,0,0
Mailpile,C:\Users\Zhifei Chen\Desktop\pysmell\subjects_for_metrics\Mailpile\mailpile\search_history.py,91,2,,,0,0,0
Mailpile,C:\Users\Zhifei Chen\Desktop\pysmell\subjects_for_metrics\Mailpile\mailpile\search_history.py,93,1,,,0,0,0
Mailpile,C:\Users\Zhifei Chen\Desktop\pysmell\subjects_for_metrics\Mailpile\mailpile\search_history.py,95,1,,,0,0,0
Mailpile,C:\Users\Zhifei Chen\Desktop\pysmell\subjects_for_metrics\Mailpile\mailpile\search_history.py,96,1,,,0,0,0
Mailpile,C:\Users\Zhifei Chen\Desktop\pysmell\subjects_for_metrics\Mailpile\mailpile\search_history.py,97,1,,,0,0,0
Mailpile,C:\Users\Zhifei Chen\Desktop\pysmell\subjects_for_metrics\Mailpile\mailpile\search_history.py,104,2,,,0,0,0
Mailpile,C:\Users\Zhifei Chen\Desktop\pysmell\subjects_for_metrics\Mailpile\mailpile\search_history.py,105,1,,,0,0,0
Mailpile,C:\Users\Zhifei Chen\Desktop\pysmell\subjects_for_metrics\Mailpile\mailpile\search_history.py,109,1,,,0,0,0
Mailpile,C:\Users\Zhifei Chen\Desktop\pysmell\subjects_for_metrics\Mailpile\mailpile\search_history.py,109,1,,,0,0,0
Mailpile,C:\Users\Zhifei Chen\Desktop\pysmell\subjects_for_metrics\Mailpile\mailpile\search_history.py,110,1,,,0,0,0
Mailpile,C:\Users\Zhifei Chen\Desktop\pysmell\subjects_for_metrics\Mailpile\mailpile\search_history.py,111,1,,,0,0,0
Mailpile,C:\Users\Zhifei Chen\Desktop\pysmell\subjects_for_metrics\Mailpile\mailpile\search_history.py,112,1,,,0,0,0
Mailpile,C:\Users\Zhifei Chen\Desktop\pysmell\subjects_for_metrics\Mailpile\mailpile\search_history.py,116,2,,,0,0,0
Mailpile,C:\Users\Zhifei Chen\Desktop\pysmell\subjects_for_metrics\Mailpile\mailpile\search_history.py,118,1,,,0,0,0
Mailpile,C:\Users\Zhifei Chen\Desktop\pysmell\subjects_for_metrics\Mailpile\mailpile\smtp_client.py,43,1,,,0,0,0
Mailpile,C:\Users\Zhifei Chen\Desktop\pysmell\subjects_for_metrics\Mailpile\mailpile\smtp_client.py,55,1,,,0,0,0
Mailpile,C:\Users\Zhifei Chen\Desktop\pysmell\subjects_for_metrics\Mailpile\mailpile\smtp_client.py,56,1,,,0,0,0
Mailpile,C:\Users\Zhifei Chen\Desktop\pysmell\subjects_for_metrics\Mailpile\mailpile\smtp_client.py,67,1,,,0,0,0
Mailpile,C:\Users\Zhifei Chen\Desktop\pysmell\subjects_for_metrics\Mailpile\mailpile\smtp_client.py,68,1,,,0,0,0
Mailpile,C:\Users\Zhifei Chen\Desktop\pysmell\subjects_for_metrics\Mailpile\mailpile\smtp_client.py,124,1,,,0,0,0
Mailpile,C:\Users\Zhifei Chen\Desktop\pysmell\subjects_for_metrics\Mailpile\mailpile\smtp_client.py,125,1,,,0,0,0
Mailpile,C:\Users\Zhifei Chen\Desktop\pysmell\subjects_for_metrics\Mailpile\mailpile\smtp_client.py,126,1,,,0,0,0
Mailpile,C:\Users\Zhifei Chen\Desktop\pysmell\subjects_for_metrics\Mailpile\mailpile\smtp_client.py,128,1,,,0,0,0
Mailpile,C:\Users\Zhifei Chen\Desktop\pysmell\subjects_for_metrics\Mailpile\mailpile\smtp_client.py,128,1,,,0,0,0
Mailpile,C:\Users\Zhifei Chen\Desktop\pysmell\subjects_for_metrics\Mailpile\mailpile\smtp_client.py,148,1,,,0,0,0
Mailpile,C:\Users\Zhifei Chen\Desktop\pysmell\subjects_for_metrics\Mailpile\mailpile\smtp_client.py,152,1,,,0,0,0
Mailpile,C:\Users\Zhifei Chen\Desktop\pysmell\subjects_for_metrics\Mailpile\mailpile\smtp_client.py,153,1,,,0,0,0
Mailpile,C:\Users\Zhifei Chen\Desktop\pysmell\subjects_for_metrics\Mailpile\mailpile\smtp_client.py,154,1,,,0,0,0
Mailpile,C:\Users\Zhifei Chen\Desktop\pysmell\subjects_for_metrics\Mailpile\mailpile\smtp_client.py,167,1,,,0,0,0
Mailpile,C:\Users\Zhifei Chen\Desktop\pysmell\subjects_for_metrics\Mailpile\mailpile\smtp_client.py,178,1,,,0,0,0
Mailpile,C:\Users\Zhifei Chen\Desktop\pysmell\subjects_for_metrics\Mailpile\mailpile\smtp_client.py,178,1,,,0,0,0
Mailpile,C:\Users\Zhifei Chen\Desktop\pysmell\subjects_for_metrics\Mailpile\mailpile\smtp_client.py,181,1,,,0,0,0
Mailpile,C:\Users\Zhifei Chen\Desktop\pysmell\subjects_for_metrics\Mailpile\mailpile\smtp_client.py,191,1,,,0,0,0
Mailpile,C:\Users\Zhifei Chen\Desktop\pysmell\subjects_for_metrics\Mailpile\mailpile\smtp_client.py,195,1,,,0,0,0
Mailpile,C:\Users\Zhifei Chen\Desktop\pysmell\subjects_for_metrics\Mailpile\mailpile\smtp_client.py,211,1,,,0,0,0
Mailpile,C:\Users\Zhifei Chen\Desktop\pysmell\subjects_for_metrics\Mailpile\mailpile\smtp_client.py,212,1,,,0,0,0
Mailpile,C:\Users\Zhifei Chen\Desktop\pysmell\subjects_for_metrics\Mailpile\mailpile\smtp_client.py,212,1,,,0,0,0
Mailpile,C:\Users\Zhifei Chen\Desktop\pysmell\subjects_for_metrics\Mailpile\mailpile\smtp_client.py,214,1,,,0,0,0
Mailpile,C:\Users\Zhifei Chen\Desktop\pysmell\subjects_for_metrics\Mailpile\mailpile\smtp_client.py,215,1,,,0,0,0
Mailpile,C:\Users\Zhifei Chen\Desktop\pysmell\subjects_for_metrics\Mailpile\mailpile\smtp_client.py,216,1,,,0,0,0
Mailpile,C:\Users\Zhifei Chen\Desktop\pysmell\subjects_for_metrics\Mailpile\mailpile\smtp_client.py,216,1,,,0,0,0
Mailpile,C:\Users\Zhifei Chen\Desktop\pysmell\subjects_for_metrics\Mailpile\mailpile\smtp_client.py,217,1,,,0,0,0
Mailpile,C:\Users\Zhifei Chen\Desktop\pysmell\subjects_for_metrics\Mailpile\mailpile\smtp_client.py,217,1,,,0,0,0
Mailpile,C:\Users\Zhifei Chen\Desktop\pysmell\subjects_for_metrics\Mailpile\mailpile\smtp_client.py,221,1,,,0,0,0
Mailpile,C:\Users\Zhifei Chen\Desktop\pysmell\subjects_for_metrics\Mailpile\mailpile\smtp_client.py,222,1,,,0,0,0
Mailpile,C:\Users\Zhifei Chen\Desktop\pysmell\subjects_for_metrics\Mailpile\mailpile\smtp_client.py,223,1,,,0,0,0
Mailpile,C:\Users\Zhifei Chen\Desktop\pysmell\subjects_for_metrics\Mailpile\mailpile\smtp_client.py,263,1,,,0,0,0
Mailpile,C:\Users\Zhifei Chen\Desktop\pysmell\subjects_for_metrics\Mailpile\mailpile\smtp_client.py,294,1,,,0,0,0
Mailpile,C:\Users\Zhifei Chen\Desktop\pysmell\subjects_for_metrics\Mailpile\mailpile\smtp_client.py,301,1,,,0,0,0
Mailpile,C:\Users\Zhifei Chen\Desktop\pysmell\subjects_for_metrics\Mailpile\mailpile\smtp_client.py,307,1,,,0,0,0
Mailpile,C:\Users\Zhifei Chen\Desktop\pysmell\subjects_for_metrics\Mailpile\mailpile\smtp_client.py,332,1,,,0,0,0
Mailpile,C:\Users\Zhifei Chen\Desktop\pysmell\subjects_for_metrics\Mailpile\mailpile\smtp_client.py,333,1,,,0,0,0
Mailpile,C:\Users\Zhifei Chen\Desktop\pysmell\subjects_for_metrics\Mailpile\mailpile\smtp_client.py,351,1,,,0,0,0
Mailpile,C:\Users\Zhifei Chen\Desktop\pysmell\subjects_for_metrics\Mailpile\mailpile\smtp_client.py,352,1,,,0,0,0
Mailpile,C:\Users\Zhifei Chen\Desktop\pysmell\subjects_for_metrics\Mailpile\mailpile\smtp_client.py,353,1,,,0,0,0
Mailpile,C:\Users\Zhifei Chen\Desktop\pysmell\subjects_for_metrics\Mailpile\mailpile\smtp_client.py,354,1,,,0,0,0
Mailpile,C:\Users\Zhifei Chen\Desktop\pysmell\subjects_for_metrics\Mailpile\mailpile\ui.py,154,1,,,0,0,0
Mailpile,C:\Users\Zhifei Chen\Desktop\pysmell\subjects_for_metrics\Mailpile\mailpile\ui.py,155,1,,,0,0,0
Mailpile,C:\Users\Zhifei Chen\Desktop\pysmell\subjects_for_metrics\Mailpile\mailpile\ui.py,192,,3,1,0,0,0
Mailpile,C:\Users\Zhifei Chen\Desktop\pysmell\subjects_for_metrics\Mailpile\mailpile\ui.py,232,1,,,0,0,0
Mailpile,C:\Users\Zhifei Chen\Desktop\pysmell\subjects_for_metrics\Mailpile\mailpile\ui.py,233,1,,,0,0,0
Mailpile,C:\Users\Zhifei Chen\Desktop\pysmell\subjects_for_metrics\Mailpile\mailpile\ui.py,285,1,,,0,0,0
Mailpile,C:\Users\Zhifei Chen\Desktop\pysmell\subjects_for_metrics\Mailpile\mailpile\ui.py,296,2,,,0,0,0
Mailpile,C:\Users\Zhifei Chen\Desktop\pysmell\subjects_for_metrics\Mailpile\mailpile\ui.py,310,1,,,0,0,0
Mailpile,C:\Users\Zhifei Chen\Desktop\pysmell\subjects_for_metrics\Mailpile\mailpile\ui.py,311,2,,,0,0,0
Mailpile,C:\Users\Zhifei Chen\Desktop\pysmell\subjects_for_metrics\Mailpile\mailpile\ui.py,311,2,,,0,0,0
Mailpile,C:\Users\Zhifei Chen\Desktop\pysmell\subjects_for_metrics\Mailpile\mailpile\ui.py,329,1,,,0,0,0
Mailpile,C:\Users\Zhifei Chen\Desktop\pysmell\subjects_for_metrics\Mailpile\mailpile\ui.py,334,,2,1,0,0,0
Mailpile,C:\Users\Zhifei Chen\Desktop\pysmell\subjects_for_metrics\Mailpile\mailpile\ui.py,340,2,,,0,0,0
Mailpile,C:\Users\Zhifei Chen\Desktop\pysmell\subjects_for_metrics\Mailpile\mailpile\ui.py,370,1,,,0,0,0
Mailpile,C:\Users\Zhifei Chen\Desktop\pysmell\subjects_for_metrics\Mailpile\mailpile\ui.py,372,1,,,0,0,0
Mailpile,C:\Users\Zhifei Chen\Desktop\pysmell\subjects_for_metrics\Mailpile\mailpile\ui.py,372,2,,,0,0,0
Mailpile,C:\Users\Zhifei Chen\Desktop\pysmell\subjects_for_metrics\Mailpile\mailpile\ui.py,382,1,,,0,0,0
Mailpile,C:\Users\Zhifei Chen\Desktop\pysmell\subjects_for_metrics\Mailpile\mailpile\ui.py,429,1,,,0,0,0
Mailpile,C:\Users\Zhifei Chen\Desktop\pysmell\subjects_for_metrics\Mailpile\mailpile\ui.py,430,1,,,0,0,0
Mailpile,C:\Users\Zhifei Chen\Desktop\pysmell\subjects_for_metrics\Mailpile\mailpile\ui.py,430,1,,,0,0,0
Mailpile,C:\Users\Zhifei Chen\Desktop\pysmell\subjects_for_metrics\Mailpile\mailpile\ui.py,431,1,,,0,0,0
Mailpile,C:\Users\Zhifei Chen\Desktop\pysmell\subjects_for_metrics\Mailpile\mailpile\ui.py,432,1,,,0,0,0
Mailpile,C:\Users\Zhifei Chen\Desktop\pysmell\subjects_for_metrics\Mailpile\mailpile\ui.py,432,1,,,0,0,0
Mailpile,C:\Users\Zhifei Chen\Desktop\pysmell\subjects_for_metrics\Mailpile\mailpile\ui.py,432,1,,,0,0,0
Mailpile,C:\Users\Zhifei Chen\Desktop\pysmell\subjects_for_metrics\Mailpile\mailpile\ui.py,479,2,,,0,0,0
Mailpile,C:\Users\Zhifei Chen\Desktop\pysmell\subjects_for_metrics\Mailpile\mailpile\ui.py,484,1,,,0,0,0
Mailpile,C:\Users\Zhifei Chen\Desktop\pysmell\subjects_for_metrics\Mailpile\mailpile\ui.py,486,1,,,0,0,0
Mailpile,C:\Users\Zhifei Chen\Desktop\pysmell\subjects_for_metrics\Mailpile\mailpile\ui.py,492,1,,,0,0,0
Mailpile,C:\Users\Zhifei Chen\Desktop\pysmell\subjects_for_metrics\Mailpile\mailpile\ui.py,566,1,,,0,0,0
Mailpile,C:\Users\Zhifei Chen\Desktop\pysmell\subjects_for_metrics\Mailpile\mailpile\ui.py,566,1,,,0,0,0
Mailpile,C:\Users\Zhifei Chen\Desktop\pysmell\subjects_for_metrics\Mailpile\mailpile\ui.py,604,1,,,0,0,0
Mailpile,C:\Users\Zhifei Chen\Desktop\pysmell\subjects_for_metrics\Mailpile\mailpile\ui.py,627,2,,,0,0,0
Mailpile,C:\Users\Zhifei Chen\Desktop\pysmell\subjects_for_metrics\Mailpile\mailpile\ui.py,633,1,,,0,0,0
Mailpile,C:\Users\Zhifei Chen\Desktop\pysmell\subjects_for_metrics\Mailpile\mailpile\ui.py,687,1,,,0,0,0
Mailpile,C:\Users\Zhifei Chen\Desktop\pysmell\subjects_for_metrics\Mailpile\mailpile\ui.py,689,,2,1,0,0,0
Mailpile,C:\Users\Zhifei Chen\Desktop\pysmell\subjects_for_metrics\Mailpile\mailpile\ui.py,745,1,,,0,0,0
Mailpile,C:\Users\Zhifei Chen\Desktop\pysmell\subjects_for_metrics\Mailpile\mailpile\ui.py,746,1,,,0,0,0
Mailpile,C:\Users\Zhifei Chen\Desktop\pysmell\subjects_for_metrics\Mailpile\mailpile\ui.py,787,2,,,0,0,0
Mailpile,C:\Users\Zhifei Chen\Desktop\pysmell\subjects_for_metrics\Mailpile\mailpile\urlmap.py,66,1,,,0,0,0
Mailpile,C:\Users\Zhifei Chen\Desktop\pysmell\subjects_for_metrics\Mailpile\mailpile\urlmap.py,67,1,,,0,0,0
Mailpile,C:\Users\Zhifei Chen\Desktop\pysmell\subjects_for_metrics\Mailpile\mailpile\urlmap.py,73,1,,,0,0,0
Mailpile,C:\Users\Zhifei Chen\Desktop\pysmell\subjects_for_metrics\Mailpile\mailpile\urlmap.py,109,1,,,0,0,0
Mailpile,C:\Users\Zhifei Chen\Desktop\pysmell\subjects_for_metrics\Mailpile\mailpile\urlmap.py,118,1,,,0,0,0
Mailpile,C:\Users\Zhifei Chen\Desktop\pysmell\subjects_for_metrics\Mailpile\mailpile\urlmap.py,121,1,,,0,0,0
Mailpile,C:\Users\Zhifei Chen\Desktop\pysmell\subjects_for_metrics\Mailpile\mailpile\urlmap.py,144,,3,1,0,0,0
Mailpile,C:\Users\Zhifei Chen\Desktop\pysmell\subjects_for_metrics\Mailpile\mailpile\urlmap.py,154,,3,1,0,0,0
Mailpile,C:\Users\Zhifei Chen\Desktop\pysmell\subjects_for_metrics\Mailpile\mailpile\urlmap.py,165,1,,,0,0,0
Mailpile,C:\Users\Zhifei Chen\Desktop\pysmell\subjects_for_metrics\Mailpile\mailpile\urlmap.py,165,1,,,0,0,0
Mailpile,C:\Users\Zhifei Chen\Desktop\pysmell\subjects_for_metrics\Mailpile\mailpile\urlmap.py,168,1,,,0,0,0
Mailpile,C:\Users\Zhifei Chen\Desktop\pysmell\subjects_for_metrics\Mailpile\mailpile\urlmap.py,169,2,,,0,0,0
Mailpile,C:\Users\Zhifei Chen\Desktop\pysmell\subjects_for_metrics\Mailpile\mailpile\urlmap.py,171,1,,,0,0,0
Mailpile,C:\Users\Zhifei Chen\Desktop\pysmell\subjects_for_metrics\Mailpile\mailpile\urlmap.py,173,1,,,0,0,0
Mailpile,C:\Users\Zhifei Chen\Desktop\pysmell\subjects_for_metrics\Mailpile\mailpile\urlmap.py,214,1,,,0,0,0
Mailpile,C:\Users\Zhifei Chen\Desktop\pysmell\subjects_for_metrics\Mailpile\mailpile\urlmap.py,219,1,,,0,0,0
Mailpile,C:\Users\Zhifei Chen\Desktop\pysmell\subjects_for_metrics\Mailpile\mailpile\urlmap.py,247,2,,,0,0,0
Mailpile,C:\Users\Zhifei Chen\Desktop\pysmell\subjects_for_metrics\Mailpile\mailpile\urlmap.py,248,1,,,0,0,0
Mailpile,C:\Users\Zhifei Chen\Desktop\pysmell\subjects_for_metrics\Mailpile\mailpile\urlmap.py,250,1,,,0,0,0
Mailpile,C:\Users\Zhifei Chen\Desktop\pysmell\subjects_for_metrics\Mailpile\mailpile\urlmap.py,255,1,,,0,0,0
Mailpile,C:\Users\Zhifei Chen\Desktop\pysmell\subjects_for_metrics\Mailpile\mailpile\urlmap.py,258,1,,,0,0,0
Mailpile,C:\Users\Zhifei Chen\Desktop\pysmell\subjects_for_metrics\Mailpile\mailpile\urlmap.py,279,,2,1,0,0,0
Mailpile,C:\Users\Zhifei Chen\Desktop\pysmell\subjects_for_metrics\Mailpile\mailpile\urlmap.py,280,1,,,0,0,0
Mailpile,C:\Users\Zhifei Chen\Desktop\pysmell\subjects_for_metrics\Mailpile\mailpile\urlmap.py,281,1,,,0,0,0
Mailpile,C:\Users\Zhifei Chen\Desktop\pysmell\subjects_for_metrics\Mailpile\mailpile\urlmap.py,312,1,,,0,0,0
Mailpile,C:\Users\Zhifei Chen\Desktop\pysmell\subjects_for_metrics\Mailpile\mailpile\urlmap.py,313,1,,,0,0,0
Mailpile,C:\Users\Zhifei Chen\Desktop\pysmell\subjects_for_metrics\Mailpile\mailpile\urlmap.py,404,1,,,0,0,0
Mailpile,C:\Users\Zhifei Chen\Desktop\pysmell\subjects_for_metrics\Mailpile\mailpile\urlmap.py,424,1,,,0,0,0
Mailpile,C:\Users\Zhifei Chen\Desktop\pysmell\subjects_for_metrics\Mailpile\mailpile\urlmap.py,425,1,,,0,0,0
Mailpile,C:\Users\Zhifei Chen\Desktop\pysmell\subjects_for_metrics\Mailpile\mailpile\urlmap.py,426,1,,,0,0,0
Mailpile,C:\Users\Zhifei Chen\Desktop\pysmell\subjects_for_metrics\Mailpile\mailpile\urlmap.py,431,1,,,0,0,0
Mailpile,C:\Users\Zhifei Chen\Desktop\pysmell\subjects_for_metrics\Mailpile\mailpile\urlmap.py,483,1,,,0,0,0
Mailpile,C:\Users\Zhifei Chen\Desktop\pysmell\subjects_for_metrics\Mailpile\mailpile\urlmap.py,485,1,,,0,0,0
Mailpile,C:\Users\Zhifei Chen\Desktop\pysmell\subjects_for_metrics\Mailpile\mailpile\urlmap.py,547,1,,,0,0,0
Mailpile,C:\Users\Zhifei Chen\Desktop\pysmell\subjects_for_metrics\Mailpile\mailpile\urlmap.py,558,1,,,0,0,0
Mailpile,C:\Users\Zhifei Chen\Desktop\pysmell\subjects_for_metrics\Mailpile\mailpile\urlmap.py,559,1,,,0,0,0
Mailpile,C:\Users\Zhifei Chen\Desktop\pysmell\subjects_for_metrics\Mailpile\mailpile\urlmap.py,563,1,,,0,0,0
Mailpile,C:\Users\Zhifei Chen\Desktop\pysmell\subjects_for_metrics\Mailpile\mailpile\urlmap.py,567,1,,,0,0,0
Mailpile,C:\Users\Zhifei Chen\Desktop\pysmell\subjects_for_metrics\Mailpile\mailpile\urlmap.py,572,1,,,0,0,0
Mailpile,C:\Users\Zhifei Chen\Desktop\pysmell\subjects_for_metrics\Mailpile\mailpile\urlmap.py,576,1,,,0,0,0
Mailpile,C:\Users\Zhifei Chen\Desktop\pysmell\subjects_for_metrics\Mailpile\mailpile\urlmap.py,583,1,,,0,0,0
Mailpile,C:\Users\Zhifei Chen\Desktop\pysmell\subjects_for_metrics\Mailpile\mailpile\urlmap.py,591,1,,,0,0,0
Mailpile,C:\Users\Zhifei Chen\Desktop\pysmell\subjects_for_metrics\Mailpile\mailpile\urlmap.py,591,1,,,0,0,0
Mailpile,C:\Users\Zhifei Chen\Desktop\pysmell\subjects_for_metrics\Mailpile\mailpile\urlmap.py,600,1,,,0,0,0
Mailpile,C:\Users\Zhifei Chen\Desktop\pysmell\subjects_for_metrics\Mailpile\mailpile\urlmap.py,603,1,,,0,0,0
Mailpile,C:\Users\Zhifei Chen\Desktop\pysmell\subjects_for_metrics\Mailpile\mailpile\urlmap.py,604,1,,,0,0,0
Mailpile,C:\Users\Zhifei Chen\Desktop\pysmell\subjects_for_metrics\Mailpile\mailpile\urlmap.py,605,1,,,0,0,0
Mailpile,C:\Users\Zhifei Chen\Desktop\pysmell\subjects_for_metrics\Mailpile\mailpile\urlmap.py,606,1,,,0,0,0
Mailpile,C:\Users\Zhifei Chen\Desktop\pysmell\subjects_for_metrics\Mailpile\mailpile\urlmap.py,608,1,,,0,0,0
Mailpile,C:\Users\Zhifei Chen\Desktop\pysmell\subjects_for_metrics\Mailpile\mailpile\urlmap.py,620,1,,,0,0,0
Mailpile,C:\Users\Zhifei Chen\Desktop\pysmell\subjects_for_metrics\Mailpile\mailpile\urlmap.py,632,1,,,0,0,0
Mailpile,C:\Users\Zhifei Chen\Desktop\pysmell\subjects_for_metrics\Mailpile\mailpile\urlmap.py,632,1,,,0,0,0
Mailpile,C:\Users\Zhifei Chen\Desktop\pysmell\subjects_for_metrics\Mailpile\mailpile\urlmap.py,644,1,,,0,0,0
Mailpile,C:\Users\Zhifei Chen\Desktop\pysmell\subjects_for_metrics\Mailpile\mailpile\urlmap.py,646,1,,,0,0,0
Mailpile,C:\Users\Zhifei Chen\Desktop\pysmell\subjects_for_metrics\Mailpile\mailpile\urlmap.py,661,1,,,0,0,0
Mailpile,C:\Users\Zhifei Chen\Desktop\pysmell\subjects_for_metrics\Mailpile\mailpile\urlmap.py,670,1,,,0,0,0
Mailpile,C:\Users\Zhifei Chen\Desktop\pysmell\subjects_for_metrics\Mailpile\mailpile\urlmap.py,680,1,,,0,0,0
Mailpile,C:\Users\Zhifei Chen\Desktop\pysmell\subjects_for_metrics\Mailpile\mailpile\urlmap.py,700,1,,,0,0,0
Mailpile,C:\Users\Zhifei Chen\Desktop\pysmell\subjects_for_metrics\Mailpile\mailpile\urlmap.py,704,1,,,0,0,0
Mailpile,C:\Users\Zhifei Chen\Desktop\pysmell\subjects_for_metrics\Mailpile\mailpile\urlmap.py,728,,2,1,0,0,0
Mailpile,C:\Users\Zhifei Chen\Desktop\pysmell\subjects_for_metrics\Mailpile\mailpile\util.py,75,,2,1,0,0,0
Mailpile,C:\Users\Zhifei Chen\Desktop\pysmell\subjects_for_metrics\Mailpile\mailpile\util.py,91,1,,,0,0,0
Mailpile,C:\Users\Zhifei Chen\Desktop\pysmell\subjects_for_metrics\Mailpile\mailpile\util.py,91,1,,,0,0,0
Mailpile,C:\Users\Zhifei Chen\Desktop\pysmell\subjects_for_metrics\Mailpile\mailpile\util.py,91,1,,,0,0,0
Mailpile,C:\Users\Zhifei Chen\Desktop\pysmell\subjects_for_metrics\Mailpile\mailpile\util.py,92,1,,,0,0,0
Mailpile,C:\Users\Zhifei Chen\Desktop\pysmell\subjects_for_metrics\Mailpile\mailpile\util.py,92,1,,,0,0,0
Mailpile,C:\Users\Zhifei Chen\Desktop\pysmell\subjects_for_metrics\Mailpile\mailpile\util.py,128,1,,,0,0,0
Mailpile,C:\Users\Zhifei Chen\Desktop\pysmell\subjects_for_metrics\Mailpile\mailpile\util.py,128,2,,,0,0,0
Mailpile,C:\Users\Zhifei Chen\Desktop\pysmell\subjects_for_metrics\Mailpile\mailpile\util.py,128,2,,,0,0,0
Mailpile,C:\Users\Zhifei Chen\Desktop\pysmell\subjects_for_metrics\Mailpile\mailpile\util.py,228,1,,,0,0,0
Mailpile,C:\Users\Zhifei Chen\Desktop\pysmell\subjects_for_metrics\Mailpile\mailpile\util.py,369,1,,,0,0,0
Mailpile,C:\Users\Zhifei Chen\Desktop\pysmell\subjects_for_metrics\Mailpile\mailpile\util.py,372,1,,,0,0,0
Mailpile,C:\Users\Zhifei Chen\Desktop\pysmell\subjects_for_metrics\Mailpile\mailpile\util.py,390,1,,,0,0,0
Mailpile,C:\Users\Zhifei Chen\Desktop\pysmell\subjects_for_metrics\Mailpile\mailpile\util.py,394,1,,,0,0,0
Mailpile,C:\Users\Zhifei Chen\Desktop\pysmell\subjects_for_metrics\Mailpile\mailpile\util.py,443,1,,,0,0,0
Mailpile,C:\Users\Zhifei Chen\Desktop\pysmell\subjects_for_metrics\Mailpile\mailpile\util.py,458,1,,,0,0,0
Mailpile,C:\Users\Zhifei Chen\Desktop\pysmell\subjects_for_metrics\Mailpile\mailpile\util.py,460,2,,,0,0,0
Mailpile,C:\Users\Zhifei Chen\Desktop\pysmell\subjects_for_metrics\Mailpile\mailpile\util.py,468,1,,,0,0,0
Mailpile,C:\Users\Zhifei Chen\Desktop\pysmell\subjects_for_metrics\Mailpile\mailpile\util.py,469,2,,,0,0,0
Mailpile,C:\Users\Zhifei Chen\Desktop\pysmell\subjects_for_metrics\Mailpile\mailpile\util.py,471,2,,,0,0,0
Mailpile,C:\Users\Zhifei Chen\Desktop\pysmell\subjects_for_metrics\Mailpile\mailpile\util.py,473,1,,,0,0,0
Mailpile,C:\Users\Zhifei Chen\Desktop\pysmell\subjects_for_metrics\Mailpile\mailpile\util.py,474,1,,,0,0,0
Mailpile,C:\Users\Zhifei Chen\Desktop\pysmell\subjects_for_metrics\Mailpile\mailpile\util.py,517,1,,,0,0,0
Mailpile,C:\Users\Zhifei Chen\Desktop\pysmell\subjects_for_metrics\Mailpile\mailpile\util.py,518,1,,,0,0,0
Mailpile,C:\Users\Zhifei Chen\Desktop\pysmell\subjects_for_metrics\Mailpile\mailpile\util.py,522,,2,1,0,0,0
Mailpile,C:\Users\Zhifei Chen\Desktop\pysmell\subjects_for_metrics\Mailpile\mailpile\util.py,524,1,,,0,0,0
Mailpile,C:\Users\Zhifei Chen\Desktop\pysmell\subjects_for_metrics\Mailpile\mailpile\util.py,525,1,,,0,0,0
Mailpile,C:\Users\Zhifei Chen\Desktop\pysmell\subjects_for_metrics\Mailpile\mailpile\util.py,526,1,,,0,0,0
Mailpile,C:\Users\Zhifei Chen\Desktop\pysmell\subjects_for_metrics\Mailpile\mailpile\util.py,527,1,,,0,0,0
Mailpile,C:\Users\Zhifei Chen\Desktop\pysmell\subjects_for_metrics\Mailpile\mailpile\util.py,614,1,,,0,0,0
Mailpile,C:\Users\Zhifei Chen\Desktop\pysmell\subjects_for_metrics\Mailpile\mailpile\util.py,625,1,,,0,0,0
Mailpile,C:\Users\Zhifei Chen\Desktop\pysmell\subjects_for_metrics\Mailpile\mailpile\util.py,664,1,,,0,0,0
Mailpile,C:\Users\Zhifei Chen\Desktop\pysmell\subjects_for_metrics\Mailpile\mailpile\util.py,792,1,,,0,0,0
Mailpile,C:\Users\Zhifei Chen\Desktop\pysmell\subjects_for_metrics\Mailpile\mailpile\util.py,792,1,,,0,0,0
Mailpile,C:\Users\Zhifei Chen\Desktop\pysmell\subjects_for_metrics\Mailpile\mailpile\util.py,795,1,,,0,0,0
Mailpile,C:\Users\Zhifei Chen\Desktop\pysmell\subjects_for_metrics\Mailpile\mailpile\util.py,795,1,,,0,0,0
Mailpile,C:\Users\Zhifei Chen\Desktop\pysmell\subjects_for_metrics\Mailpile\mailpile\util.py,892,,2,1,0,0,0
Mailpile,C:\Users\Zhifei Chen\Desktop\pysmell\subjects_for_metrics\Mailpile\mailpile\util.py,901,1,,,0,0,0
Mailpile,C:\Users\Zhifei Chen\Desktop\pysmell\subjects_for_metrics\Mailpile\mailpile\util.py,903,1,,,0,0,0
Mailpile,C:\Users\Zhifei Chen\Desktop\pysmell\subjects_for_metrics\Mailpile\mailpile\vcard.py,66,1,,,0,0,0
Mailpile,C:\Users\Zhifei Chen\Desktop\pysmell\subjects_for_metrics\Mailpile\mailpile\vcard.py,95,1,,,0,0,0
Mailpile,C:\Users\Zhifei Chen\Desktop\pysmell\subjects_for_metrics\Mailpile\mailpile\vcard.py,96,1,,,0,0,0
Mailpile,C:\Users\Zhifei Chen\Desktop\pysmell\subjects_for_metrics\Mailpile\mailpile\vcard.py,97,1,,,0,0,0
Mailpile,C:\Users\Zhifei Chen\Desktop\pysmell\subjects_for_metrics\Mailpile\mailpile\vcard.py,188,1,,,0,0,0
Mailpile,C:\Users\Zhifei Chen\Desktop\pysmell\subjects_for_metrics\Mailpile\mailpile\vcard.py,214,,2,1,0,0,0
Mailpile,C:\Users\Zhifei Chen\Desktop\pysmell\subjects_for_metrics\Mailpile\mailpile\vcard.py,278,,2,1,0,0,0
Mailpile,C:\Users\Zhifei Chen\Desktop\pysmell\subjects_for_metrics\Mailpile\mailpile\vcard.py,335,1,,,0,0,0
Mailpile,C:\Users\Zhifei Chen\Desktop\pysmell\subjects_for_metrics\Mailpile\mailpile\vcard.py,336,1,,,0,0,0
Mailpile,C:\Users\Zhifei Chen\Desktop\pysmell\subjects_for_metrics\Mailpile\mailpile\vcard.py,337,1,,,0,0,0
Mailpile,C:\Users\Zhifei Chen\Desktop\pysmell\subjects_for_metrics\Mailpile\mailpile\vcard.py,340,1,,,0,0,0
Mailpile,C:\Users\Zhifei Chen\Desktop\pysmell\subjects_for_metrics\Mailpile\mailpile\vcard.py,348,1,,,0,0,0
Mailpile,C:\Users\Zhifei Chen\Desktop\pysmell\subjects_for_metrics\Mailpile\mailpile\vcard.py,368,1,,,0,0,0
Mailpile,C:\Users\Zhifei Chen\Desktop\pysmell\subjects_for_metrics\Mailpile\mailpile\vcard.py,370,1,,,0,0,0
Mailpile,C:\Users\Zhifei Chen\Desktop\pysmell\subjects_for_metrics\Mailpile\mailpile\vcard.py,372,1,,,0,0,0
Mailpile,C:\Users\Zhifei Chen\Desktop\pysmell\subjects_for_metrics\Mailpile\mailpile\vcard.py,373,1,,,0,0,0
Mailpile,C:\Users\Zhifei Chen\Desktop\pysmell\subjects_for_metrics\Mailpile\mailpile\vcard.py,435,2,,,0,0,0
Mailpile,C:\Users\Zhifei Chen\Desktop\pysmell\subjects_for_metrics\Mailpile\mailpile\vcard.py,470,1,,,0,0,0
Mailpile,C:\Users\Zhifei Chen\Desktop\pysmell\subjects_for_metrics\Mailpile\mailpile\vcard.py,491,1,,,0,0,0
Mailpile,C:\Users\Zhifei Chen\Desktop\pysmell\subjects_for_metrics\Mailpile\mailpile\vcard.py,491,1,,,0,0,0
Mailpile,C:\Users\Zhifei Chen\Desktop\pysmell\subjects_for_metrics\Mailpile\mailpile\vcard.py,491,,2,1,0,0,0
Mailpile,C:\Users\Zhifei Chen\Desktop\pysmell\subjects_for_metrics\Mailpile\mailpile\vcard.py,497,1,,,0,0,0
Mailpile,C:\Users\Zhifei Chen\Desktop\pysmell\subjects_for_metrics\Mailpile\mailpile\vcard.py,501,2,,,0,0,0
Mailpile,C:\Users\Zhifei Chen\Desktop\pysmell\subjects_for_metrics\Mailpile\mailpile\vcard.py,516,1,,,0,0,0
Mailpile,C:\Users\Zhifei Chen\Desktop\pysmell\subjects_for_metrics\Mailpile\mailpile\vcard.py,521,1,,,0,0,0
Mailpile,C:\Users\Zhifei Chen\Desktop\pysmell\subjects_for_metrics\Mailpile\mailpile\vcard.py,532,1,,,0,0,0
Mailpile,C:\Users\Zhifei Chen\Desktop\pysmell\subjects_for_metrics\Mailpile\mailpile\vcard.py,532,1,,,0,0,0
Mailpile,C:\Users\Zhifei Chen\Desktop\pysmell\subjects_for_metrics\Mailpile\mailpile\vcard.py,532,,2,1,0,0,0
Mailpile,C:\Users\Zhifei Chen\Desktop\pysmell\subjects_for_metrics\Mailpile\mailpile\vcard.py,538,2,,,0,0,0
Mailpile,C:\Users\Zhifei Chen\Desktop\pysmell\subjects_for_metrics\Mailpile\mailpile\vcard.py,607,1,,,0,0,0
Mailpile,C:\Users\Zhifei Chen\Desktop\pysmell\subjects_for_metrics\Mailpile\mailpile\vcard.py,612,1,,,0,0,0
Mailpile,C:\Users\Zhifei Chen\Desktop\pysmell\subjects_for_metrics\Mailpile\mailpile\vcard.py,613,1,,,0,0,0
Mailpile,C:\Users\Zhifei Chen\Desktop\pysmell\subjects_for_metrics\Mailpile\mailpile\vcard.py,615,1,,,0,0,0
Mailpile,C:\Users\Zhifei Chen\Desktop\pysmell\subjects_for_metrics\Mailpile\mailpile\vcard.py,616,1,,,0,0,0
Mailpile,C:\Users\Zhifei Chen\Desktop\pysmell\subjects_for_metrics\Mailpile\mailpile\vcard.py,617,1,,,0,0,0
Mailpile,C:\Users\Zhifei Chen\Desktop\pysmell\subjects_for_metrics\Mailpile\mailpile\vcard.py,630,2,,,0,0,0
Mailpile,C:\Users\Zhifei Chen\Desktop\pysmell\subjects_for_metrics\Mailpile\mailpile\vcard.py,638,1,,,0,0,0
Mailpile,C:\Users\Zhifei Chen\Desktop\pysmell\subjects_for_metrics\Mailpile\mailpile\vcard.py,655,1,,,0,0,0
Mailpile,C:\Users\Zhifei Chen\Desktop\pysmell\subjects_for_metrics\Mailpile\mailpile\vcard.py,680,1,,,0,0,0
Mailpile,C:\Users\Zhifei Chen\Desktop\pysmell\subjects_for_metrics\Mailpile\mailpile\vcard.py,716,,2,1,0,0,0
Mailpile,C:\Users\Zhifei Chen\Desktop\pysmell\subjects_for_metrics\Mailpile\mailpile\vcard.py,716,3,,,1,1,1
Mailpile,C:\Users\Zhifei Chen\Desktop\pysmell\subjects_for_metrics\Mailpile\mailpile\vcard.py,718,,2,1,0,0,0
Mailpile,C:\Users\Zhifei Chen\Desktop\pysmell\subjects_for_metrics\Mailpile\mailpile\vcard.py,736,2,,,0,0,0
Mailpile,C:\Users\Zhifei Chen\Desktop\pysmell\subjects_for_metrics\Mailpile\mailpile\vcard.py,737,1,,,0,0,0
Mailpile,C:\Users\Zhifei Chen\Desktop\pysmell\subjects_for_metrics\Mailpile\mailpile\vcard.py,798,1,,,0,0,0
Mailpile,C:\Users\Zhifei Chen\Desktop\pysmell\subjects_for_metrics\Mailpile\mailpile\vcard.py,826,1,,,0,0,0
Mailpile,C:\Users\Zhifei Chen\Desktop\pysmell\subjects_for_metrics\Mailpile\mailpile\vcard.py,826,1,,,0,0,0
Mailpile,C:\Users\Zhifei Chen\Desktop\pysmell\subjects_for_metrics\Mailpile\mailpile\vcard.py,826,1,,,0,0,0
Mailpile,C:\Users\Zhifei Chen\Desktop\pysmell\subjects_for_metrics\Mailpile\mailpile\vcard.py,828,1,,,0,0,0
Mailpile,C:\Users\Zhifei Chen\Desktop\pysmell\subjects_for_metrics\Mailpile\mailpile\vcard.py,828,1,,,0,0,0
Mailpile,C:\Users\Zhifei Chen\Desktop\pysmell\subjects_for_metrics\Mailpile\mailpile\vcard.py,841,,2,1,0,0,0
Mailpile,C:\Users\Zhifei Chen\Desktop\pysmell\subjects_for_metrics\Mailpile\mailpile\vcard.py,852,1,,,0,0,0
Mailpile,C:\Users\Zhifei Chen\Desktop\pysmell\subjects_for_metrics\Mailpile\mailpile\vcard.py,854,1,,,0,0,0
Mailpile,C:\Users\Zhifei Chen\Desktop\pysmell\subjects_for_metrics\Mailpile\mailpile\vcard.py,856,1,,,0,0,0
Mailpile,C:\Users\Zhifei Chen\Desktop\pysmell\subjects_for_metrics\Mailpile\mailpile\vcard.py,918,,2,1,0,0,0
Mailpile,C:\Users\Zhifei Chen\Desktop\pysmell\subjects_for_metrics\Mailpile\mailpile\vcard.py,945,1,,,0,0,0
Mailpile,C:\Users\Zhifei Chen\Desktop\pysmell\subjects_for_metrics\Mailpile\mailpile\vcard.py,954,1,,,0,0,0
Mailpile,C:\Users\Zhifei Chen\Desktop\pysmell\subjects_for_metrics\Mailpile\mailpile\vcard.py,958,1,,,0,0,0
Mailpile,C:\Users\Zhifei Chen\Desktop\pysmell\subjects_for_metrics\Mailpile\mailpile\vcard.py,958,1,,,0,0,0
Mailpile,C:\Users\Zhifei Chen\Desktop\pysmell\subjects_for_metrics\Mailpile\mailpile\vcard.py,960,1,,,0,0,0
Mailpile,C:\Users\Zhifei Chen\Desktop\pysmell\subjects_for_metrics\Mailpile\mailpile\vcard.py,1007,1,,,0,0,0
Mailpile,C:\Users\Zhifei Chen\Desktop\pysmell\subjects_for_metrics\Mailpile\mailpile\vcard.py,1026,1,,,0,0,0
Mailpile,C:\Users\Zhifei Chen\Desktop\pysmell\subjects_for_metrics\Mailpile\mailpile\vcard.py,1033,1,,,0,0,0
Mailpile,C:\Users\Zhifei Chen\Desktop\pysmell\subjects_for_metrics\Mailpile\mailpile\vcard.py,1033,1,,,0,0,0
Mailpile,C:\Users\Zhifei Chen\Desktop\pysmell\subjects_for_metrics\Mailpile\mailpile\vcard.py,1061,1,,,0,0,0
Mailpile,C:\Users\Zhifei Chen\Desktop\pysmell\subjects_for_metrics\Mailpile\mailpile\vcard.py,1062,1,,,0,0,0
Mailpile,C:\Users\Zhifei Chen\Desktop\pysmell\subjects_for_metrics\Mailpile\mailpile\vcard.py,1096,1,,,0,0,0
Mailpile,C:\Users\Zhifei Chen\Desktop\pysmell\subjects_for_metrics\Mailpile\mailpile\vcard.py,1100,1,,,0,0,0
Mailpile,C:\Users\Zhifei Chen\Desktop\pysmell\subjects_for_metrics\Mailpile\mailpile\vcard.py,1104,1,,,0,0,0
Mailpile,C:\Users\Zhifei Chen\Desktop\pysmell\subjects_for_metrics\Mailpile\mailpile\vcard.py,1108,1,,,0,0,0
Mailpile,C:\Users\Zhifei Chen\Desktop\pysmell\subjects_for_metrics\Mailpile\mailpile\vcard.py,1112,1,,,0,0,0
Mailpile,C:\Users\Zhifei Chen\Desktop\pysmell\subjects_for_metrics\Mailpile\mailpile\vcard.py,1124,,2,1,0,0,0
Mailpile,C:\Users\Zhifei Chen\Desktop\pysmell\subjects_for_metrics\Mailpile\mailpile\vcard.py,1132,1,,,0,0,0
Mailpile,C:\Users\Zhifei Chen\Desktop\pysmell\subjects_for_metrics\Mailpile\mailpile\vcard.py,1133,2,,,0,0,0
Mailpile,C:\Users\Zhifei Chen\Desktop\pysmell\subjects_for_metrics\Mailpile\mailpile\vcard.py,1141,2,,,0,0,0
Mailpile,C:\Users\Zhifei Chen\Desktop\pysmell\subjects_for_metrics\Mailpile\mailpile\vcard.py,1144,2,,,0,0,0
Mailpile,C:\Users\Zhifei Chen\Desktop\pysmell\subjects_for_metrics\Mailpile\mailpile\vcard.py,1148,1,,,0,0,0
Mailpile,C:\Users\Zhifei Chen\Desktop\pysmell\subjects_for_metrics\Mailpile\mailpile\vcard.py,1152,1,,,0,0,0
Mailpile,C:\Users\Zhifei Chen\Desktop\pysmell\subjects_for_metrics\Mailpile\mailpile\vcard.py,1152,1,,,0,0,0
Mailpile,C:\Users\Zhifei Chen\Desktop\pysmell\subjects_for_metrics\Mailpile\mailpile\vcard.py,1153,2,,,0,0,0
Mailpile,C:\Users\Zhifei Chen\Desktop\pysmell\subjects_for_metrics\Mailpile\mailpile\vcard.py,1157,1,,,0,0,0
Mailpile,C:\Users\Zhifei Chen\Desktop\pysmell\subjects_for_metrics\Mailpile\mailpile\vcard.py,1157,1,,,0,0,0
Mailpile,C:\Users\Zhifei Chen\Desktop\pysmell\subjects_for_metrics\Mailpile\mailpile\vcard.py,1161,1,,,0,0,0
Mailpile,C:\Users\Zhifei Chen\Desktop\pysmell\subjects_for_metrics\Mailpile\mailpile\vcard.py,1163,1,,,0,0,0
Mailpile,C:\Users\Zhifei Chen\Desktop\pysmell\subjects_for_metrics\Mailpile\mailpile\vcard.py,1164,1,,,0,0,0
Mailpile,C:\Users\Zhifei Chen\Desktop\pysmell\subjects_for_metrics\Mailpile\mailpile\vcard.py,1166,1,,,0,0,0
Mailpile,C:\Users\Zhifei Chen\Desktop\pysmell\subjects_for_metrics\Mailpile\mailpile\vcard.py,1219,1,,,0,0,0
Mailpile,C:\Users\Zhifei Chen\Desktop\pysmell\subjects_for_metrics\Mailpile\mailpile\vcard.py,1222,1,,,0,0,0
Mailpile,C:\Users\Zhifei Chen\Desktop\pysmell\subjects_for_metrics\Mailpile\mailpile\vcard.py,1223,1,,,0,0,0
Mailpile,C:\Users\Zhifei Chen\Desktop\pysmell\subjects_for_metrics\Mailpile\mailpile\vcard.py,1234,1,,,0,0,0
Mailpile,C:\Users\Zhifei Chen\Desktop\pysmell\subjects_for_metrics\Mailpile\mailpile\vcard.py,1236,1,,,0,0,0
Mailpile,C:\Users\Zhifei Chen\Desktop\pysmell\subjects_for_metrics\Mailpile\mailpile\vcard.py,1307,1,,,0,0,0
Mailpile,C:\Users\Zhifei Chen\Desktop\pysmell\subjects_for_metrics\Mailpile\mailpile\vcard.py,1308,1,,,0,0,0
Mailpile,C:\Users\Zhifei Chen\Desktop\pysmell\subjects_for_metrics\Mailpile\mailpile\vcard.py,1311,1,,,0,0,0
Mailpile,C:\Users\Zhifei Chen\Desktop\pysmell\subjects_for_metrics\Mailpile\mailpile\vcard.py,1313,1,,,0,0,0
Mailpile,C:\Users\Zhifei Chen\Desktop\pysmell\subjects_for_metrics\Mailpile\mailpile\vcard.py,1314,1,,,0,0,0
Mailpile,C:\Users\Zhifei Chen\Desktop\pysmell\subjects_for_metrics\Mailpile\mailpile\vcard.py,1317,1,,,0,0,0
Mailpile,C:\Users\Zhifei Chen\Desktop\pysmell\subjects_for_metrics\Mailpile\mailpile\vcard.py,1318,1,,,0,0,0
Mailpile,C:\Users\Zhifei Chen\Desktop\pysmell\subjects_for_metrics\Mailpile\mailpile\vcard.py,1318,1,,,0,0,0
Mailpile,C:\Users\Zhifei Chen\Desktop\pysmell\subjects_for_metrics\Mailpile\mailpile\vcard.py,1406,1,,,0,0,0
Mailpile,C:\Users\Zhifei Chen\Desktop\pysmell\subjects_for_metrics\Mailpile\mailpile\vcard.py,1458,1,,,0,0,0
Mailpile,C:\Users\Zhifei Chen\Desktop\pysmell\subjects_for_metrics\Mailpile\mailpile\vcard.py,1459,1,,,0,0,0
Mailpile,C:\Users\Zhifei Chen\Desktop\pysmell\subjects_for_metrics\Mailpile\mailpile\vcard.py,1496,1,,,0,0,0
Mailpile,C:\Users\Zhifei Chen\Desktop\pysmell\subjects_for_metrics\Mailpile\mailpile\vfs.py,39,1,,,0,0,0
Mailpile,C:\Users\Zhifei Chen\Desktop\pysmell\subjects_for_metrics\Mailpile\mailpile\vfs.py,40,1,,,0,0,0
Mailpile,C:\Users\Zhifei Chen\Desktop\pysmell\subjects_for_metrics\Mailpile\mailpile\vfs.py,60,1,,,0,0,0
Mailpile,C:\Users\Zhifei Chen\Desktop\pysmell\subjects_for_metrics\Mailpile\mailpile\vfs.py,61,1,,,0,0,0
Mailpile,C:\Users\Zhifei Chen\Desktop\pysmell\subjects_for_metrics\Mailpile\mailpile\vfs.py,75,1,,,0,0,0
Mailpile,C:\Users\Zhifei Chen\Desktop\pysmell\subjects_for_metrics\Mailpile\mailpile\vfs.py,80,1,,,0,0,0
Mailpile,C:\Users\Zhifei Chen\Desktop\pysmell\subjects_for_metrics\Mailpile\mailpile\vfs.py,81,1,,,0,0,0
Mailpile,C:\Users\Zhifei Chen\Desktop\pysmell\subjects_for_metrics\Mailpile\mailpile\vfs.py,87,1,,,0,0,0
Mailpile,C:\Users\Zhifei Chen\Desktop\pysmell\subjects_for_metrics\Mailpile\mailpile\vfs.py,124,1,,,0,0,0
Mailpile,C:\Users\Zhifei Chen\Desktop\pysmell\subjects_for_metrics\Mailpile\mailpile\vfs.py,191,,2,1,0,0,0
Mailpile,C:\Users\Zhifei Chen\Desktop\pysmell\subjects_for_metrics\Mailpile\mailpile\vfs.py,193,1,,,0,0,0
Mailpile,C:\Users\Zhifei Chen\Desktop\pysmell\subjects_for_metrics\Mailpile\mailpile\vfs.py,315,,2,1,0,0,0
Mailpile,C:\Users\Zhifei Chen\Desktop\pysmell\subjects_for_metrics\Mailpile\mailpile\vfs.py,331,1,,,0,0,0
Mailpile,C:\Users\Zhifei Chen\Desktop\pysmell\subjects_for_metrics\Mailpile\mailpile\vfs.py,344,1,,,0,0,0
Mailpile,C:\Users\Zhifei Chen\Desktop\pysmell\subjects_for_metrics\Mailpile\mailpile\vfs.py,347,2,,,0,0,0
Mailpile,C:\Users\Zhifei Chen\Desktop\pysmell\subjects_for_metrics\Mailpile\mailpile\vfs.py,348,1,,,0,0,0
Mailpile,C:\Users\Zhifei Chen\Desktop\pysmell\subjects_for_metrics\Mailpile\mailpile\vfs.py,358,1,,,0,0,0
Mailpile,C:\Users\Zhifei Chen\Desktop\pysmell\subjects_for_metrics\Mailpile\mailpile\vfs.py,359,1,,,0,0,0
Mailpile,C:\Users\Zhifei Chen\Desktop\pysmell\subjects_for_metrics\Mailpile\mailpile\vfs.py,366,1,,,0,0,0
Mailpile,C:\Users\Zhifei Chen\Desktop\pysmell\subjects_for_metrics\Mailpile\mailpile\vfs.py,372,1,,,0,0,0
Mailpile,C:\Users\Zhifei Chen\Desktop\pysmell\subjects_for_metrics\Mailpile\mailpile\vfs.py,391,2,,,0,0,0
Mailpile,C:\Users\Zhifei Chen\Desktop\pysmell\subjects_for_metrics\Mailpile\mailpile\vfs.py,391,1,,,0,0,0
Mailpile,C:\Users\Zhifei Chen\Desktop\pysmell\subjects_for_metrics\Mailpile\mailpile\vfs.py,394,2,,,0,0,0
Mailpile,C:\Users\Zhifei Chen\Desktop\pysmell\subjects_for_metrics\Mailpile\mailpile\vfs.py,394,1,,,0,0,0
Mailpile,C:\Users\Zhifei Chen\Desktop\pysmell\subjects_for_metrics\Mailpile\mailpile\vfs.py,398,2,,,0,0,0
Mailpile,C:\Users\Zhifei Chen\Desktop\pysmell\subjects_for_metrics\Mailpile\mailpile\vfs.py,398,1,,,0,0,0
Mailpile,C:\Users\Zhifei Chen\Desktop\pysmell\subjects_for_metrics\Mailpile\mailpile\vfs.py,403,2,,,0,0,0
Mailpile,C:\Users\Zhifei Chen\Desktop\pysmell\subjects_for_metrics\Mailpile\mailpile\vfs.py,403,1,,,0,0,0
Mailpile,C:\Users\Zhifei Chen\Desktop\pysmell\subjects_for_metrics\Mailpile\mailpile\vfs.py,406,2,,,0,0,0
Mailpile,C:\Users\Zhifei Chen\Desktop\pysmell\subjects_for_metrics\Mailpile\mailpile\vfs.py,406,1,,,0,0,0
Mailpile,C:\Users\Zhifei Chen\Desktop\pysmell\subjects_for_metrics\Mailpile\mailpile\vfs.py,409,2,,,0,0,0
Mailpile,C:\Users\Zhifei Chen\Desktop\pysmell\subjects_for_metrics\Mailpile\mailpile\vfs.py,409,1,,,0,0,0
Mailpile,C:\Users\Zhifei Chen\Desktop\pysmell\subjects_for_metrics\Mailpile\mailpile\workers.py,55,1,,,0,0,0
Mailpile,C:\Users\Zhifei Chen\Desktop\pysmell\subjects_for_metrics\Mailpile\mailpile\workers.py,70,1,,,0,0,0
Mailpile,C:\Users\Zhifei Chen\Desktop\pysmell\subjects_for_metrics\Mailpile\mailpile\workers.py,86,1,,,0,0,0
Mailpile,C:\Users\Zhifei Chen\Desktop\pysmell\subjects_for_metrics\Mailpile\mailpile\workers.py,110,2,,,0,0,0
Mailpile,C:\Users\Zhifei Chen\Desktop\pysmell\subjects_for_metrics\Mailpile\mailpile\workers.py,189,,2,1,0,0,0
Mailpile,C:\Users\Zhifei Chen\Desktop\pysmell\subjects_for_metrics\Mailpile\mailpile\workers.py,195,1,,,0,0,0
Mailpile,C:\Users\Zhifei Chen\Desktop\pysmell\subjects_for_metrics\Mailpile\mailpile\workers.py,366,,2,1,0,0,0
Mailpile,C:\Users\Zhifei Chen\Desktop\pysmell\subjects_for_metrics\Mailpile\mailpile\__init__.py,34,1,,,0,0,0
Mailpile,C:\Users\Zhifei Chen\Desktop\pysmell\subjects_for_metrics\Mailpile\mailpile\__init__.py,34,1,,,0,0,0
Mailpile,C:\Users\Zhifei Chen\Desktop\pysmell\subjects_for_metrics\Mailpile\mailpile\__init__.py,35,1,,,0,0,0
Mailpile,C:\Users\Zhifei Chen\Desktop\pysmell\subjects_for_metrics\Mailpile\mailpile\__init__.py,36,1,,,0,0,0
Mailpile,C:\Users\Zhifei Chen\Desktop\pysmell\subjects_for_metrics\Mailpile\mailpile\__init__.py,37,1,,,0,0,0
Mailpile,C:\Users\Zhifei Chen\Desktop\pysmell\subjects_for_metrics\Mailpile\mailpile\__init__.py,37,1,,,0,0,0
Mailpile,C:\Users\Zhifei Chen\Desktop\pysmell\subjects_for_metrics\Mailpile\mailpile\__init__.py,37,1,,,0,0,0
Mailpile,C:\Users\Zhifei Chen\Desktop\pysmell\subjects_for_metrics\Mailpile\mailpile\__init__.py,38,1,,,0,0,0
Mailpile,C:\Users\Zhifei Chen\Desktop\pysmell\subjects_for_metrics\Mailpile\mailpile\__main__.py,6,1,,,0,0,0
Mailpile,C:\Users\Zhifei Chen\Desktop\pysmell\subjects_for_metrics\Mailpile\mailpile\contrib\datadig\datadig.py,48,1,,,0,0,0
Mailpile,C:\Users\Zhifei Chen\Desktop\pysmell\subjects_for_metrics\Mailpile\mailpile\contrib\datadig\datadig.py,48,1,,,0,0,0
Mailpile,C:\Users\Zhifei Chen\Desktop\pysmell\subjects_for_metrics\Mailpile\mailpile\contrib\datadig\datadig.py,49,1,,,0,0,0
Mailpile,C:\Users\Zhifei Chen\Desktop\pysmell\subjects_for_metrics\Mailpile\mailpile\contrib\datadig\datadig.py,49,1,,,0,0,0
Mailpile,C:\Users\Zhifei Chen\Desktop\pysmell\subjects_for_metrics\Mailpile\mailpile\contrib\datadig\datadig.py,60,1,,,0,0,0
Mailpile,C:\Users\Zhifei Chen\Desktop\pysmell\subjects_for_metrics\Mailpile\mailpile\contrib\datadig\datadig.py,63,1,,,0,0,0
Mailpile,C:\Users\Zhifei Chen\Desktop\pysmell\subjects_for_metrics\Mailpile\mailpile\contrib\datadig\datadig.py,65,1,,,0,0,0
Mailpile,C:\Users\Zhifei Chen\Desktop\pysmell\subjects_for_metrics\Mailpile\mailpile\contrib\datadig\datadig.py,85,1,,,0,0,0
Mailpile,C:\Users\Zhifei Chen\Desktop\pysmell\subjects_for_metrics\Mailpile\mailpile\contrib\datadig\datadig.py,88,1,,,0,0,0
Mailpile,C:\Users\Zhifei Chen\Desktop\pysmell\subjects_for_metrics\Mailpile\mailpile\contrib\datadig\datadig.py,95,1,,,0,0,0
Mailpile,C:\Users\Zhifei Chen\Desktop\pysmell\subjects_for_metrics\Mailpile\mailpile\contrib\datadig\datadig.py,99,1,,,0,0,0
Mailpile,C:\Users\Zhifei Chen\Desktop\pysmell\subjects_for_metrics\Mailpile\mailpile\contrib\datadig\datadig.py,100,1,,,0,0,0
Mailpile,C:\Users\Zhifei Chen\Desktop\pysmell\subjects_for_metrics\Mailpile\mailpile\contrib\datadig\datadig.py,101,1,,,0,0,0
Mailpile,C:\Users\Zhifei Chen\Desktop\pysmell\subjects_for_metrics\Mailpile\mailpile\contrib\datadig\datadig.py,102,1,,,0,0,0
Mailpile,C:\Users\Zhifei Chen\Desktop\pysmell\subjects_for_metrics\Mailpile\mailpile\contrib\datadig\datadig.py,109,1,,,0,0,0
Mailpile,C:\Users\Zhifei Chen\Desktop\pysmell\subjects_for_metrics\Mailpile\mailpile\contrib\datadig\datadig.py,109,1,,,0,0,0
Mailpile,C:\Users\Zhifei Chen\Desktop\pysmell\subjects_for_metrics\Mailpile\mailpile\contrib\datadig\datadig.py,109,1,,,0,0,0
Mailpile,C:\Users\Zhifei Chen\Desktop\pysmell\subjects_for_metrics\Mailpile\mailpile\contrib\datadig\datadig.py,112,1,,,0,0,0
Mailpile,C:\Users\Zhifei Chen\Desktop\pysmell\subjects_for_metrics\Mailpile\mailpile\contrib\datadig\datadig.py,112,1,,,0,0,0
Mailpile,C:\Users\Zhifei Chen\Desktop\pysmell\subjects_for_metrics\Mailpile\mailpile\contrib\demos\demos.py,48,,2,1,0,0,0
Mailpile,C:\Users\Zhifei Chen\Desktop\pysmell\subjects_for_metrics\Mailpile\mailpile\contrib\demos\demos.py,106,2,,,0,0,0
Mailpile,C:\Users\Zhifei Chen\Desktop\pysmell\subjects_for_metrics\Mailpile\mailpile\contrib\experiments\experiments.py,31,1,,,0,0,0
Mailpile,C:\Users\Zhifei Chen\Desktop\pysmell\subjects_for_metrics\Mailpile\mailpile\contrib\experiments\experiments.py,32,1,,,0,0,0
Mailpile,C:\Users\Zhifei Chen\Desktop\pysmell\subjects_for_metrics\Mailpile\mailpile\contrib\experiments\experiments.py,34,1,,,0,0,0
Mailpile,C:\Users\Zhifei Chen\Desktop\pysmell\subjects_for_metrics\Mailpile\mailpile\contrib\experiments\experiments.py,81,1,,,0,0,0
Mailpile,C:\Users\Zhifei Chen\Desktop\pysmell\subjects_for_metrics\Mailpile\mailpile\contrib\experiments\experiments.py,83,1,,,0,0,0
Mailpile,C:\Users\Zhifei Chen\Desktop\pysmell\subjects_for_metrics\Mailpile\mailpile\contrib\experiments\experiments.py,86,1,,,0,0,0
Mailpile,C:\Users\Zhifei Chen\Desktop\pysmell\subjects_for_metrics\Mailpile\mailpile\contrib\experiments\experiments.py,87,1,,,0,0,0
Mailpile,C:\Users\Zhifei Chen\Desktop\pysmell\subjects_for_metrics\Mailpile\mailpile\contrib\experiments\experiments.py,87,1,,,0,0,0
Mailpile,C:\Users\Zhifei Chen\Desktop\pysmell\subjects_for_metrics\Mailpile\mailpile\contrib\experiments\experiments.py,89,1,,,0,0,0
Mailpile,C:\Users\Zhifei Chen\Desktop\pysmell\subjects_for_metrics\Mailpile\mailpile\contrib\experiments\experiments.py,94,1,,,0,0,0
Mailpile,C:\Users\Zhifei Chen\Desktop\pysmell\subjects_for_metrics\Mailpile\mailpile\contrib\experiments\experiments.py,104,1,,,0,0,0
Mailpile,C:\Users\Zhifei Chen\Desktop\pysmell\subjects_for_metrics\Mailpile\mailpile\contrib\experiments\experiments.py,105,1,,,0,0,0
Mailpile,C:\Users\Zhifei Chen\Desktop\pysmell\subjects_for_metrics\Mailpile\mailpile\contrib\experiments\experiments.py,106,1,,,0,0,0
Mailpile,C:\Users\Zhifei Chen\Desktop\pysmell\subjects_for_metrics\Mailpile\mailpile\contrib\experiments\experiments.py,114,1,,,0,0,0
Mailpile,C:\Users\Zhifei Chen\Desktop\pysmell\subjects_for_metrics\Mailpile\mailpile\contrib\experiments\experiments.py,115,1,,,0,0,0
Mailpile,C:\Users\Zhifei Chen\Desktop\pysmell\subjects_for_metrics\Mailpile\mailpile\contrib\experiments\experiments.py,117,1,,,0,0,0
Mailpile,C:\Users\Zhifei Chen\Desktop\pysmell\subjects_for_metrics\Mailpile\mailpile\contrib\experiments\experiments.py,128,1,,,0,0,0
Mailpile,C:\Users\Zhifei Chen\Desktop\pysmell\subjects_for_metrics\Mailpile\mailpile\contrib\experiments\experiments.py,128,1,,,0,0,0
Mailpile,C:\Users\Zhifei Chen\Desktop\pysmell\subjects_for_metrics\Mailpile\mailpile\contrib\experiments\experiments.py,129,1,,,0,0,0
Mailpile,C:\Users\Zhifei Chen\Desktop\pysmell\subjects_for_metrics\Mailpile\mailpile\contrib\experiments\experiments.py,133,1,,,0,0,0
Mailpile,C:\Users\Zhifei Chen\Desktop\pysmell\subjects_for_metrics\Mailpile\mailpile\contrib\experiments\experiments.py,133,1,,,0,0,0
Mailpile,C:\Users\Zhifei Chen\Desktop\pysmell\subjects_for_metrics\Mailpile\mailpile\contrib\experiments\experiments.py,134,1,,,0,0,0
Mailpile,C:\Users\Zhifei Chen\Desktop\pysmell\subjects_for_metrics\Mailpile\mailpile\contrib\forcegrapher\forcegrapher.py,30,1,,,0,0,0
Mailpile,C:\Users\Zhifei Chen\Desktop\pysmell\subjects_for_metrics\Mailpile\mailpile\contrib\forcegrapher\forcegrapher.py,31,1,,,0,0,0
Mailpile,C:\Users\Zhifei Chen\Desktop\pysmell\subjects_for_metrics\Mailpile\mailpile\contrib\forcegrapher\forcegrapher.py,32,1,,,0,0,0
Mailpile,C:\Users\Zhifei Chen\Desktop\pysmell\subjects_for_metrics\Mailpile\mailpile\contrib\forcegrapher\forcegrapher.py,35,1,,,0,0,0
Mailpile,C:\Users\Zhifei Chen\Desktop\pysmell\subjects_for_metrics\Mailpile\mailpile\contrib\forcegrapher\forcegrapher.py,36,1,,,0,0,0
Mailpile,C:\Users\Zhifei Chen\Desktop\pysmell\subjects_for_metrics\Mailpile\mailpile\contrib\forcegrapher\forcegrapher.py,41,1,,,0,0,0
Mailpile,C:\Users\Zhifei Chen\Desktop\pysmell\subjects_for_metrics\Mailpile\mailpile\contrib\forcegrapher\forcegrapher.py,44,1,,,0,0,0
Mailpile,C:\Users\Zhifei Chen\Desktop\pysmell\subjects_for_metrics\Mailpile\mailpile\contrib\forcegrapher\forcegrapher.py,48,1,,,0,0,0
Mailpile,C:\Users\Zhifei Chen\Desktop\pysmell\subjects_for_metrics\Mailpile\mailpile\contrib\forcegrapher\forcegrapher.py,51,1,,,0,0,0
Mailpile,C:\Users\Zhifei Chen\Desktop\pysmell\subjects_for_metrics\Mailpile\mailpile\contrib\forcegrapher\forcegrapher.py,53,1,,,0,0,0
Mailpile,C:\Users\Zhifei Chen\Desktop\pysmell\subjects_for_metrics\Mailpile\mailpile\contrib\forcegrapher\forcegrapher.py,56,1,,,0,0,0
Mailpile,C:\Users\Zhifei Chen\Desktop\pysmell\subjects_for_metrics\Mailpile\mailpile\contrib\forcegrapher\forcegrapher.py,62,2,,,0,0,0
Mailpile,C:\Users\Zhifei Chen\Desktop\pysmell\subjects_for_metrics\Mailpile\mailpile\contrib\forcegrapher\forcegrapher.py,71,1,,,0,0,0
Mailpile,C:\Users\Zhifei Chen\Desktop\pysmell\subjects_for_metrics\Mailpile\mailpile\contrib\forcegrapher\forcegrapher.py,74,1,,,0,0,0
Mailpile,C:\Users\Zhifei Chen\Desktop\pysmell\subjects_for_metrics\Mailpile\mailpile\contrib\forcegrapher\forcegrapher.py,75,1,,,0,0,0
Mailpile,C:\Users\Zhifei Chen\Desktop\pysmell\subjects_for_metrics\Mailpile\mailpile\contrib\forcegrapher\forcegrapher.py,76,1,,,0,0,0
Mailpile,C:\Users\Zhifei Chen\Desktop\pysmell\subjects_for_metrics\Mailpile\mailpile\contrib\forcegrapher\forcegrapher.py,78,1,,,0,0,0
Mailpile,C:\Users\Zhifei Chen\Desktop\pysmell\subjects_for_metrics\Mailpile\mailpile\contrib\gui\gui-o-matic.py,28,1,,,0,0,0
Mailpile,C:\Users\Zhifei Chen\Desktop\pysmell\subjects_for_metrics\Mailpile\mailpile\contrib\gui\gui-o-matic.py,31,1,,,0,0,0
Mailpile,C:\Users\Zhifei Chen\Desktop\pysmell\subjects_for_metrics\Mailpile\mailpile\contrib\gui\gui-o-matic.py,35,1,,,0,0,0
Mailpile,C:\Users\Zhifei Chen\Desktop\pysmell\subjects_for_metrics\Mailpile\mailpile\contrib\gui\gui-o-matic.py,54,1,,,0,0,0
Mailpile,C:\Users\Zhifei Chen\Desktop\pysmell\subjects_for_metrics\Mailpile\mailpile\contrib\gui\gui-o-matic.py,183,1,,,0,0,0
Mailpile,C:\Users\Zhifei Chen\Desktop\pysmell\subjects_for_metrics\Mailpile\mailpile\contrib\gui\gui-o-matic.py,197,1,,,0,0,0
Mailpile,C:\Users\Zhifei Chen\Desktop\pysmell\subjects_for_metrics\Mailpile\mailpile\contrib\gui\gui-o-matic.py,199,1,,,0,0,0
Mailpile,C:\Users\Zhifei Chen\Desktop\pysmell\subjects_for_metrics\Mailpile\mailpile\contrib\gui\gui-o-matic.py,224,1,,,0,0,0
Mailpile,C:\Users\Zhifei Chen\Desktop\pysmell\subjects_for_metrics\Mailpile\mailpile\contrib\gui\gui-o-matic.py,239,1,,,0,0,0
Mailpile,C:\Users\Zhifei Chen\Desktop\pysmell\subjects_for_metrics\Mailpile\mailpile\contrib\gui\gui-o-matic.py,261,1,,,0,0,0
Mailpile,C:\Users\Zhifei Chen\Desktop\pysmell\subjects_for_metrics\Mailpile\mailpile\contrib\gui\gui-o-matic.py,262,1,,,0,0,0
Mailpile,C:\Users\Zhifei Chen\Desktop\pysmell\subjects_for_metrics\Mailpile\mailpile\contrib\gui\gui-o-matic.py,299,1,,,0,0,0
Mailpile,C:\Users\Zhifei Chen\Desktop\pysmell\subjects_for_metrics\Mailpile\mailpile\contrib\gui\gui-o-matic.py,301,1,,,0,0,0
Mailpile,C:\Users\Zhifei Chen\Desktop\pysmell\subjects_for_metrics\Mailpile\mailpile\contrib\gui\gui-o-matic.py,304,1,,,0,0,0
Mailpile,C:\Users\Zhifei Chen\Desktop\pysmell\subjects_for_metrics\Mailpile\mailpile\contrib\gui\gui-o-matic.py,308,1,,,0,0,0
Mailpile,C:\Users\Zhifei Chen\Desktop\pysmell\subjects_for_metrics\Mailpile\mailpile\contrib\gui\gui-o-matic.py,312,1,,,0,0,0
Mailpile,C:\Users\Zhifei Chen\Desktop\pysmell\subjects_for_metrics\Mailpile\mailpile\contrib\gui\gui-o-matic.py,352,1,,,0,0,0
Mailpile,C:\Users\Zhifei Chen\Desktop\pysmell\subjects_for_metrics\Mailpile\mailpile\contrib\gui\gui-o-matic.py,378,1,,,0,0,0
Mailpile,C:\Users\Zhifei Chen\Desktop\pysmell\subjects_for_metrics\Mailpile\mailpile\contrib\gui\gui-o-matic.py,382,1,,,0,0,0
Mailpile,C:\Users\Zhifei Chen\Desktop\pysmell\subjects_for_metrics\Mailpile\mailpile\contrib\gui\gui-o-matic.py,393,1,,,0,0,0
Mailpile,C:\Users\Zhifei Chen\Desktop\pysmell\subjects_for_metrics\Mailpile\mailpile\contrib\gui\gui-o-matic.py,395,1,,,0,0,0
Mailpile,C:\Users\Zhifei Chen\Desktop\pysmell\subjects_for_metrics\Mailpile\mailpile\contrib\gui\gui-o-matic.py,403,1,,,0,0,0
Mailpile,C:\Users\Zhifei Chen\Desktop\pysmell\subjects_for_metrics\Mailpile\mailpile\contrib\gui\gui-o-matic.py,407,1,,,0,0,0
Mailpile,C:\Users\Zhifei Chen\Desktop\pysmell\subjects_for_metrics\Mailpile\mailpile\contrib\gui\gui-o-matic.py,411,1,,,0,0,0
Mailpile,C:\Users\Zhifei Chen\Desktop\pysmell\subjects_for_metrics\Mailpile\mailpile\contrib\gui\gui-o-matic.py,466,,2,1,0,0,0
Mailpile,C:\Users\Zhifei Chen\Desktop\pysmell\subjects_for_metrics\Mailpile\mailpile\contrib\hacks\hacks.py,37,1,,,0,0,0
Mailpile,C:\Users\Zhifei Chen\Desktop\pysmell\subjects_for_metrics\Mailpile\mailpile\contrib\hacks\hacks.py,39,1,,,0,0,0
Mailpile,C:\Users\Zhifei Chen\Desktop\pysmell\subjects_for_metrics\Mailpile\mailpile\contrib\hacks\hacks.py,41,1,,,0,0,0
Mailpile,C:\Users\Zhifei Chen\Desktop\pysmell\subjects_for_metrics\Mailpile\mailpile\contrib\hacks\hacks.py,45,1,,,0,0,0
Mailpile,C:\Users\Zhifei Chen\Desktop\pysmell\subjects_for_metrics\Mailpile\mailpile\contrib\hacks\hacks.py,46,,2,1,0,0,0
Mailpile,C:\Users\Zhifei Chen\Desktop\pysmell\subjects_for_metrics\Mailpile\mailpile\contrib\hacks\hacks.py,47,1,,,0,0,0
Mailpile,C:\Users\Zhifei Chen\Desktop\pysmell\subjects_for_metrics\Mailpile\mailpile\contrib\hacks\hacks.py,54,1,,,0,0,0
Mailpile,C:\Users\Zhifei Chen\Desktop\pysmell\subjects_for_metrics\Mailpile\mailpile\contrib\hacks\hacks.py,57,1,,,0,0,0
Mailpile,C:\Users\Zhifei Chen\Desktop\pysmell\subjects_for_metrics\Mailpile\mailpile\contrib\hacks\hacks.py,57,1,,,0,0,0
Mailpile,C:\Users\Zhifei Chen\Desktop\pysmell\subjects_for_metrics\Mailpile\mailpile\contrib\hacks\hacks.py,74,1,,,0,0,0
Mailpile,C:\Users\Zhifei Chen\Desktop\pysmell\subjects_for_metrics\Mailpile\mailpile\contrib\hacks\hacks.py,75,1,,,0,0,0
Mailpile,C:\Users\Zhifei Chen\Desktop\pysmell\subjects_for_metrics\Mailpile\mailpile\contrib\hacks\hacks.py,76,1,,,0,0,0
Mailpile,C:\Users\Zhifei Chen\Desktop\pysmell\subjects_for_metrics\Mailpile\mailpile\contrib\hacks\hacks.py,77,1,,,0,0,0
Mailpile,C:\Users\Zhifei Chen\Desktop\pysmell\subjects_for_metrics\Mailpile\mailpile\contrib\hacks\hacks.py,103,1,,,0,0,0
Mailpile,C:\Users\Zhifei Chen\Desktop\pysmell\subjects_for_metrics\Mailpile\mailpile\contrib\hacks\hacks.py,105,1,,,0,0,0
Mailpile,C:\Users\Zhifei Chen\Desktop\pysmell\subjects_for_metrics\Mailpile\mailpile\contrib\hacks\hacks.py,106,1,,,0,0,0
Mailpile,C:\Users\Zhifei Chen\Desktop\pysmell\subjects_for_metrics\Mailpile\mailpile\contrib\hacks\hacks.py,107,1,,,0,0,0
Mailpile,C:\Users\Zhifei Chen\Desktop\pysmell\subjects_for_metrics\Mailpile\mailpile\contrib\hacks\hacks.py,108,1,,,0,0,0
Mailpile,C:\Users\Zhifei Chen\Desktop\pysmell\subjects_for_metrics\Mailpile\mailpile\contrib\hacks\hacks.py,111,,2,1,0,0,0
Mailpile,C:\Users\Zhifei Chen\Desktop\pysmell\subjects_for_metrics\Mailpile\mailpile\contrib\hacks\hacks.py,112,1,,,0,0,0
Mailpile,C:\Users\Zhifei Chen\Desktop\pysmell\subjects_for_metrics\Mailpile\mailpile\contrib\hacks\hacks.py,113,1,,,0,0,0
Mailpile,C:\Users\Zhifei Chen\Desktop\pysmell\subjects_for_metrics\Mailpile\mailpile\contrib\hacks\hacks.py,114,1,,,0,0,0
Mailpile,C:\Users\Zhifei Chen\Desktop\pysmell\subjects_for_metrics\Mailpile\mailpile\contrib\hacks\hacks.py,115,1,,,0,0,0
Mailpile,C:\Users\Zhifei Chen\Desktop\pysmell\subjects_for_metrics\Mailpile\mailpile\contrib\hacks\hacks.py,116,1,,,0,0,0
Mailpile,C:\Users\Zhifei Chen\Desktop\pysmell\subjects_for_metrics\Mailpile\mailpile\contrib\hacks\hacks.py,117,1,,,0,0,0
Mailpile,C:\Users\Zhifei Chen\Desktop\pysmell\subjects_for_metrics\Mailpile\mailpile\contrib\hacks\hacks.py,118,1,,,0,0,0
Mailpile,C:\Users\Zhifei Chen\Desktop\pysmell\subjects_for_metrics\Mailpile\mailpile\contrib\hacks\hacks.py,119,1,,,0,0,0
Mailpile,C:\Users\Zhifei Chen\Desktop\pysmell\subjects_for_metrics\Mailpile\mailpile\contrib\hacks\hacks.py,120,1,,,0,0,0
Mailpile,C:\Users\Zhifei Chen\Desktop\pysmell\subjects_for_metrics\Mailpile\mailpile\contrib\hacks\hacks.py,121,1,,,0,0,0
Mailpile,C:\Users\Zhifei Chen\Desktop\pysmell\subjects_for_metrics\Mailpile\mailpile\contrib\hacks\hacks.py,122,1,,,0,0,0
Mailpile,C:\Users\Zhifei Chen\Desktop\pysmell\subjects_for_metrics\Mailpile\mailpile\contrib\hacks\hacks.py,123,1,,,0,0,0
Mailpile,C:\Users\Zhifei Chen\Desktop\pysmell\subjects_for_metrics\Mailpile\mailpile\contrib\hacks\hacks.py,124,1,,,0,0,0
Mailpile,C:\Users\Zhifei Chen\Desktop\pysmell\subjects_for_metrics\Mailpile\mailpile\contrib\hacks\hacks.py,126,1,,,0,0,0
Mailpile,C:\Users\Zhifei Chen\Desktop\pysmell\subjects_for_metrics\Mailpile\mailpile\contrib\hacks\hacks.py,147,1,,,0,0,0
Mailpile,C:\Users\Zhifei Chen\Desktop\pysmell\subjects_for_metrics\Mailpile\mailpile\contrib\hacks\hacks.py,149,1,,,0,0,0
Mailpile,C:\Users\Zhifei Chen\Desktop\pysmell\subjects_for_metrics\Mailpile\mailpile\contrib\hacks\hacks.py,149,1,,,0,0,0
Mailpile,C:\Users\Zhifei Chen\Desktop\pysmell\subjects_for_metrics\Mailpile\mailpile\contrib\hacks\hacks.py,150,1,,,0,0,0
Mailpile,C:\Users\Zhifei Chen\Desktop\pysmell\subjects_for_metrics\Mailpile\mailpile\contrib\hacks\hacks.py,151,1,,,0,0,0
Mailpile,C:\Users\Zhifei Chen\Desktop\pysmell\subjects_for_metrics\Mailpile\mailpile\contrib\hacks\hacks.py,187,1,,,0,0,0
Mailpile,C:\Users\Zhifei Chen\Desktop\pysmell\subjects_for_metrics\Mailpile\mailpile\contrib\hacks\hacks.py,199,,2,1,0,0,0
Mailpile,C:\Users\Zhifei Chen\Desktop\pysmell\subjects_for_metrics\Mailpile\mailpile\contrib\hacks\hacks.py,204,1,,,0,0,0
Mailpile,C:\Users\Zhifei Chen\Desktop\pysmell\subjects_for_metrics\Mailpile\mailpile\contrib\hacks\hacks.py,207,1,,,0,0,0
Mailpile,C:\Users\Zhifei Chen\Desktop\pysmell\subjects_for_metrics\Mailpile\mailpile\contrib\hacks\hacks.py,209,1,,,0,0,0
Mailpile,C:\Users\Zhifei Chen\Desktop\pysmell\subjects_for_metrics\Mailpile\mailpile\contrib\hacks\hacks.py,256,1,,,0,0,0
Mailpile,C:\Users\Zhifei Chen\Desktop\pysmell\subjects_for_metrics\Mailpile\mailpile\contrib\hacks\hacks.py,256,1,,,0,0,0
Mailpile,C:\Users\Zhifei Chen\Desktop\pysmell\subjects_for_metrics\Mailpile\mailpile\contrib\hacks\hacks.py,260,1,,,0,0,0
Mailpile,C:\Users\Zhifei Chen\Desktop\pysmell\subjects_for_metrics\Mailpile\mailpile\contrib\hacks\hacks.py,267,1,,,0,0,0
Mailpile,C:\Users\Zhifei Chen\Desktop\pysmell\subjects_for_metrics\Mailpile\mailpile\contrib\hacks\hacks.py,267,,2,1,0,0,0
Mailpile,C:\Users\Zhifei Chen\Desktop\pysmell\subjects_for_metrics\Mailpile\mailpile\crypto\gpgi.py,63,1,,,0,0,0
Mailpile,C:\Users\Zhifei Chen\Desktop\pysmell\subjects_for_metrics\Mailpile\mailpile\crypto\gpgi.py,66,1,,,0,0,0
Mailpile,C:\Users\Zhifei Chen\Desktop\pysmell\subjects_for_metrics\Mailpile\mailpile\crypto\gpgi.py,76,,2,1,0,0,0
Mailpile,C:\Users\Zhifei Chen\Desktop\pysmell\subjects_for_metrics\Mailpile\mailpile\crypto\gpgi.py,77,2,,,0,0,0
Mailpile,C:\Users\Zhifei Chen\Desktop\pysmell\subjects_for_metrics\Mailpile\mailpile\crypto\gpgi.py,78,1,,,0,0,0
Mailpile,C:\Users\Zhifei Chen\Desktop\pysmell\subjects_for_metrics\Mailpile\mailpile\crypto\gpgi.py,81,1,,,0,0,0
Mailpile,C:\Users\Zhifei Chen\Desktop\pysmell\subjects_for_metrics\Mailpile\mailpile\crypto\gpgi.py,83,1,,,0,0,0
Mailpile,C:\Users\Zhifei Chen\Desktop\pysmell\subjects_for_metrics\Mailpile\mailpile\crypto\gpgi.py,86,1,,,0,0,0
Mailpile,C:\Users\Zhifei Chen\Desktop\pysmell\subjects_for_metrics\Mailpile\mailpile\crypto\gpgi.py,89,1,,,0,0,0
Mailpile,C:\Users\Zhifei Chen\Desktop\pysmell\subjects_for_metrics\Mailpile\mailpile\crypto\gpgi.py,89,2,,,0,0,0
Mailpile,C:\Users\Zhifei Chen\Desktop\pysmell\subjects_for_metrics\Mailpile\mailpile\crypto\gpgi.py,90,1,,,0,0,0
Mailpile,C:\Users\Zhifei Chen\Desktop\pysmell\subjects_for_metrics\Mailpile\mailpile\crypto\gpgi.py,92,1,,,0,0,0
Mailpile,C:\Users\Zhifei Chen\Desktop\pysmell\subjects_for_metrics\Mailpile\mailpile\crypto\gpgi.py,101,2,,,0,0,0
Mailpile,C:\Users\Zhifei Chen\Desktop\pysmell\subjects_for_metrics\Mailpile\mailpile\crypto\gpgi.py,105,1,,,0,0,0
Mailpile,C:\Users\Zhifei Chen\Desktop\pysmell\subjects_for_metrics\Mailpile\mailpile\crypto\gpgi.py,106,1,,,0,0,0
Mailpile,C:\Users\Zhifei Chen\Desktop\pysmell\subjects_for_metrics\Mailpile\mailpile\crypto\gpgi.py,107,1,,,0,0,0
Mailpile,C:\Users\Zhifei Chen\Desktop\pysmell\subjects_for_metrics\Mailpile\mailpile\crypto\gpgi.py,115,1,,,0,0,0
Mailpile,C:\Users\Zhifei Chen\Desktop\pysmell\subjects_for_metrics\Mailpile\mailpile\crypto\gpgi.py,116,1,,,0,0,0
Mailpile,C:\Users\Zhifei Chen\Desktop\pysmell\subjects_for_metrics\Mailpile\mailpile\crypto\gpgi.py,117,1,,,0,0,0
Mailpile,C:\Users\Zhifei Chen\Desktop\pysmell\subjects_for_metrics\Mailpile\mailpile\crypto\gpgi.py,123,1,,,0,0,0
Mailpile,C:\Users\Zhifei Chen\Desktop\pysmell\subjects_for_metrics\Mailpile\mailpile\crypto\gpgi.py,123,1,,,0,0,0
Mailpile,C:\Users\Zhifei Chen\Desktop\pysmell\subjects_for_metrics\Mailpile\mailpile\crypto\gpgi.py,124,1,,,0,0,0
Mailpile,C:\Users\Zhifei Chen\Desktop\pysmell\subjects_for_metrics\Mailpile\mailpile\crypto\gpgi.py,124,1,,,0,0,0
Mailpile,C:\Users\Zhifei Chen\Desktop\pysmell\subjects_for_metrics\Mailpile\mailpile\crypto\gpgi.py,127,2,,,0,0,0
Mailpile,C:\Users\Zhifei Chen\Desktop\pysmell\subjects_for_metrics\Mailpile\mailpile\crypto\gpgi.py,128,1,,,0,0,0
Mailpile,C:\Users\Zhifei Chen\Desktop\pysmell\subjects_for_metrics\Mailpile\mailpile\crypto\gpgi.py,131,1,,,0,0,0
Mailpile,C:\Users\Zhifei Chen\Desktop\pysmell\subjects_for_metrics\Mailpile\mailpile\crypto\gpgi.py,133,1,,,0,0,0
Mailpile,C:\Users\Zhifei Chen\Desktop\pysmell\subjects_for_metrics\Mailpile\mailpile\crypto\gpgi.py,134,1,,,0,0,0
Mailpile,C:\Users\Zhifei Chen\Desktop\pysmell\subjects_for_metrics\Mailpile\mailpile\crypto\gpgi.py,135,1,,,0,0,0
Mailpile,C:\Users\Zhifei Chen\Desktop\pysmell\subjects_for_metrics\Mailpile\mailpile\crypto\gpgi.py,136,1,,,0,0,0
Mailpile,C:\Users\Zhifei Chen\Desktop\pysmell\subjects_for_metrics\Mailpile\mailpile\crypto\gpgi.py,137,1,,,0,0,0
Mailpile,C:\Users\Zhifei Chen\Desktop\pysmell\subjects_for_metrics\Mailpile\mailpile\crypto\gpgi.py,142,1,,,0,0,0
Mailpile,C:\Users\Zhifei Chen\Desktop\pysmell\subjects_for_metrics\Mailpile\mailpile\crypto\gpgi.py,142,1,,,0,0,0
Mailpile,C:\Users\Zhifei Chen\Desktop\pysmell\subjects_for_metrics\Mailpile\mailpile\crypto\gpgi.py,143,1,,,0,0,0
Mailpile,C:\Users\Zhifei Chen\Desktop\pysmell\subjects_for_metrics\Mailpile\mailpile\crypto\gpgi.py,143,1,,,0,0,0
Mailpile,C:\Users\Zhifei Chen\Desktop\pysmell\subjects_for_metrics\Mailpile\mailpile\crypto\gpgi.py,147,1,,,0,0,0
Mailpile,C:\Users\Zhifei Chen\Desktop\pysmell\subjects_for_metrics\Mailpile\mailpile\crypto\gpgi.py,148,1,,,0,0,0
Mailpile,C:\Users\Zhifei Chen\Desktop\pysmell\subjects_for_metrics\Mailpile\mailpile\crypto\gpgi.py,149,1,,,0,0,0
Mailpile,C:\Users\Zhifei Chen\Desktop\pysmell\subjects_for_metrics\Mailpile\mailpile\crypto\gpgi.py,200,1,,,0,0,0
Mailpile,C:\Users\Zhifei Chen\Desktop\pysmell\subjects_for_metrics\Mailpile\mailpile\crypto\gpgi.py,204,1,,,0,0,0
Mailpile,C:\Users\Zhifei Chen\Desktop\pysmell\subjects_for_metrics\Mailpile\mailpile\crypto\gpgi.py,205,1,,,0,0,0
Mailpile,C:\Users\Zhifei Chen\Desktop\pysmell\subjects_for_metrics\Mailpile\mailpile\crypto\gpgi.py,205,1,,,0,0,0
Mailpile,C:\Users\Zhifei Chen\Desktop\pysmell\subjects_for_metrics\Mailpile\mailpile\crypto\gpgi.py,207,1,,,0,0,0
Mailpile,C:\Users\Zhifei Chen\Desktop\pysmell\subjects_for_metrics\Mailpile\mailpile\crypto\gpgi.py,208,1,,,0,0,0
Mailpile,C:\Users\Zhifei Chen\Desktop\pysmell\subjects_for_metrics\Mailpile\mailpile\crypto\gpgi.py,209,1,,,0,0,0
Mailpile,C:\Users\Zhifei Chen\Desktop\pysmell\subjects_for_metrics\Mailpile\mailpile\crypto\gpgi.py,210,1,,,0,0,0
Mailpile,C:\Users\Zhifei Chen\Desktop\pysmell\subjects_for_metrics\Mailpile\mailpile\crypto\gpgi.py,211,1,,,0,0,0
Mailpile,C:\Users\Zhifei Chen\Desktop\pysmell\subjects_for_metrics\Mailpile\mailpile\crypto\gpgi.py,213,1,,,0,0,0
Mailpile,C:\Users\Zhifei Chen\Desktop\pysmell\subjects_for_metrics\Mailpile\mailpile\crypto\gpgi.py,213,1,,,0,0,0
Mailpile,C:\Users\Zhifei Chen\Desktop\pysmell\subjects_for_metrics\Mailpile\mailpile\crypto\gpgi.py,214,1,,,0,0,0
Mailpile,C:\Users\Zhifei Chen\Desktop\pysmell\subjects_for_metrics\Mailpile\mailpile\crypto\gpgi.py,214,1,,,0,0,0
Mailpile,C:\Users\Zhifei Chen\Desktop\pysmell\subjects_for_metrics\Mailpile\mailpile\crypto\gpgi.py,215,1,,,0,0,0
Mailpile,C:\Users\Zhifei Chen\Desktop\pysmell\subjects_for_metrics\Mailpile\mailpile\crypto\gpgi.py,216,1,,,0,0,0
Mailpile,C:\Users\Zhifei Chen\Desktop\pysmell\subjects_for_metrics\Mailpile\mailpile\crypto\gpgi.py,217,1,,,0,0,0
Mailpile,C:\Users\Zhifei Chen\Desktop\pysmell\subjects_for_metrics\Mailpile\mailpile\crypto\gpgi.py,220,1,,,0,0,0
Mailpile,C:\Users\Zhifei Chen\Desktop\pysmell\subjects_for_metrics\Mailpile\mailpile\crypto\gpgi.py,230,1,,,0,0,0
Mailpile,C:\Users\Zhifei Chen\Desktop\pysmell\subjects_for_metrics\Mailpile\mailpile\crypto\gpgi.py,231,1,,,0,0,0
Mailpile,C:\Users\Zhifei Chen\Desktop\pysmell\subjects_for_metrics\Mailpile\mailpile\crypto\gpgi.py,233,1,,,0,0,0
Mailpile,C:\Users\Zhifei Chen\Desktop\pysmell\subjects_for_metrics\Mailpile\mailpile\crypto\gpgi.py,237,1,,,0,0,0
Mailpile,C:\Users\Zhifei Chen\Desktop\pysmell\subjects_for_metrics\Mailpile\mailpile\crypto\gpgi.py,238,1,,,0,0,0
Mailpile,C:\Users\Zhifei Chen\Desktop\pysmell\subjects_for_metrics\Mailpile\mailpile\crypto\gpgi.py,239,1,,,0,0,0
Mailpile,C:\Users\Zhifei Chen\Desktop\pysmell\subjects_for_metrics\Mailpile\mailpile\crypto\gpgi.py,240,1,,,0,0,0
Mailpile,C:\Users\Zhifei Chen\Desktop\pysmell\subjects_for_metrics\Mailpile\mailpile\crypto\gpgi.py,242,2,,,0,0,0
Mailpile,C:\Users\Zhifei Chen\Desktop\pysmell\subjects_for_metrics\Mailpile\mailpile\crypto\gpgi.py,245,2,,,0,0,0
Mailpile,C:\Users\Zhifei Chen\Desktop\pysmell\subjects_for_metrics\Mailpile\mailpile\crypto\gpgi.py,245,1,,,0,0,0
Mailpile,C:\Users\Zhifei Chen\Desktop\pysmell\subjects_for_metrics\Mailpile\mailpile\crypto\gpgi.py,246,1,,,0,0,0
Mailpile,C:\Users\Zhifei Chen\Desktop\pysmell\subjects_for_metrics\Mailpile\mailpile\crypto\gpgi.py,246,1,,,0,0,0
Mailpile,C:\Users\Zhifei Chen\Desktop\pysmell\subjects_for_metrics\Mailpile\mailpile\crypto\gpgi.py,246,1,,,0,0,0
Mailpile,C:\Users\Zhifei Chen\Desktop\pysmell\subjects_for_metrics\Mailpile\mailpile\crypto\gpgi.py,247,1,,,0,0,0
Mailpile,C:\Users\Zhifei Chen\Desktop\pysmell\subjects_for_metrics\Mailpile\mailpile\crypto\gpgi.py,248,1,,,0,0,0
Mailpile,C:\Users\Zhifei Chen\Desktop\pysmell\subjects_for_metrics\Mailpile\mailpile\crypto\gpgi.py,260,1,,,0,0,0
Mailpile,C:\Users\Zhifei Chen\Desktop\pysmell\subjects_for_metrics\Mailpile\mailpile\crypto\gpgi.py,262,2,,,0,0,0
Mailpile,C:\Users\Zhifei Chen\Desktop\pysmell\subjects_for_metrics\Mailpile\mailpile\crypto\gpgi.py,266,1,,,0,0,0
Mailpile,C:\Users\Zhifei Chen\Desktop\pysmell\subjects_for_metrics\Mailpile\mailpile\crypto\gpgi.py,279,1,,,0,0,0
Mailpile,C:\Users\Zhifei Chen\Desktop\pysmell\subjects_for_metrics\Mailpile\mailpile\crypto\gpgi.py,280,2,,,0,0,0
Mailpile,C:\Users\Zhifei Chen\Desktop\pysmell\subjects_for_metrics\Mailpile\mailpile\crypto\gpgi.py,282,1,,,0,0,0
Mailpile,C:\Users\Zhifei Chen\Desktop\pysmell\subjects_for_metrics\Mailpile\mailpile\crypto\gpgi.py,283,1,,,0,0,0
Mailpile,C:\Users\Zhifei Chen\Desktop\pysmell\subjects_for_metrics\Mailpile\mailpile\crypto\gpgi.py,284,1,,,0,0,0
Mailpile,C:\Users\Zhifei Chen\Desktop\pysmell\subjects_for_metrics\Mailpile\mailpile\crypto\gpgi.py,285,1,,,0,0,0
Mailpile,C:\Users\Zhifei Chen\Desktop\pysmell\subjects_for_metrics\Mailpile\mailpile\crypto\gpgi.py,286,1,,,0,0,0
Mailpile,C:\Users\Zhifei Chen\Desktop\pysmell\subjects_for_metrics\Mailpile\mailpile\crypto\gpgi.py,288,2,,,0,0,0
Mailpile,C:\Users\Zhifei Chen\Desktop\pysmell\subjects_for_metrics\Mailpile\mailpile\crypto\gpgi.py,321,1,,,0,0,0
Mailpile,C:\Users\Zhifei Chen\Desktop\pysmell\subjects_for_metrics\Mailpile\mailpile\crypto\gpgi.py,322,1,,,0,0,0
Mailpile,C:\Users\Zhifei Chen\Desktop\pysmell\subjects_for_metrics\Mailpile\mailpile\crypto\gpgi.py,323,1,,,0,0,0
Mailpile,C:\Users\Zhifei Chen\Desktop\pysmell\subjects_for_metrics\Mailpile\mailpile\crypto\gpgi.py,434,1,,,0,0,0
Mailpile,C:\Users\Zhifei Chen\Desktop\pysmell\subjects_for_metrics\Mailpile\mailpile\crypto\gpgi.py,482,1,,,0,0,0
Mailpile,C:\Users\Zhifei Chen\Desktop\pysmell\subjects_for_metrics\Mailpile\mailpile\crypto\gpgi.py,482,3,,,1,1,1
Mailpile,C:\Users\Zhifei Chen\Desktop\pysmell\subjects_for_metrics\Mailpile\mailpile\crypto\gpgi.py,496,,2,1,0,0,0
Mailpile,C:\Users\Zhifei Chen\Desktop\pysmell\subjects_for_metrics\Mailpile\mailpile\crypto\gpgi.py,499,1,,,0,0,0
Mailpile,C:\Users\Zhifei Chen\Desktop\pysmell\subjects_for_metrics\Mailpile\mailpile\crypto\gpgi.py,553,1,,,0,0,0
Mailpile,C:\Users\Zhifei Chen\Desktop\pysmell\subjects_for_metrics\Mailpile\mailpile\crypto\gpgi.py,557,1,,,0,0,0
Mailpile,C:\Users\Zhifei Chen\Desktop\pysmell\subjects_for_metrics\Mailpile\mailpile\crypto\gpgi.py,605,1,,,0,0,0
Mailpile,C:\Users\Zhifei Chen\Desktop\pysmell\subjects_for_metrics\Mailpile\mailpile\crypto\gpgi.py,609,1,,,0,0,0
Mailpile,C:\Users\Zhifei Chen\Desktop\pysmell\subjects_for_metrics\Mailpile\mailpile\crypto\gpgi.py,615,1,,,0,0,0
Mailpile,C:\Users\Zhifei Chen\Desktop\pysmell\subjects_for_metrics\Mailpile\mailpile\crypto\gpgi.py,633,2,,,0,0,0
Mailpile,C:\Users\Zhifei Chen\Desktop\pysmell\subjects_for_metrics\Mailpile\mailpile\crypto\gpgi.py,662,2,,,0,0,0
Mailpile,C:\Users\Zhifei Chen\Desktop\pysmell\subjects_for_metrics\Mailpile\mailpile\crypto\gpgi.py,672,2,,,0,0,0
Mailpile,C:\Users\Zhifei Chen\Desktop\pysmell\subjects_for_metrics\Mailpile\mailpile\crypto\gpgi.py,676,2,,,0,0,0
Mailpile,C:\Users\Zhifei Chen\Desktop\pysmell\subjects_for_metrics\Mailpile\mailpile\crypto\gpgi.py,676,1,,,0,0,0
Mailpile,C:\Users\Zhifei Chen\Desktop\pysmell\subjects_for_metrics\Mailpile\mailpile\crypto\gpgi.py,689,2,,,0,0,0
Mailpile,C:\Users\Zhifei Chen\Desktop\pysmell\subjects_for_metrics\Mailpile\mailpile\crypto\gpgi.py,692,,2,1,0,0,0
Mailpile,C:\Users\Zhifei Chen\Desktop\pysmell\subjects_for_metrics\Mailpile\mailpile\crypto\gpgi.py,694,1,,,0,0,0
Mailpile,C:\Users\Zhifei Chen\Desktop\pysmell\subjects_for_metrics\Mailpile\mailpile\crypto\gpgi.py,695,1,,,0,0,0
Mailpile,C:\Users\Zhifei Chen\Desktop\pysmell\subjects_for_metrics\Mailpile\mailpile\crypto\gpgi.py,696,1,,,0,0,0
Mailpile,C:\Users\Zhifei Chen\Desktop\pysmell\subjects_for_metrics\Mailpile\mailpile\crypto\gpgi.py,697,1,,,0,0,0
Mailpile,C:\Users\Zhifei Chen\Desktop\pysmell\subjects_for_metrics\Mailpile\mailpile\crypto\gpgi.py,699,1,,,0,0,0
Mailpile,C:\Users\Zhifei Chen\Desktop\pysmell\subjects_for_metrics\Mailpile\mailpile\crypto\gpgi.py,708,1,,,0,0,0
Mailpile,C:\Users\Zhifei Chen\Desktop\pysmell\subjects_for_metrics\Mailpile\mailpile\crypto\gpgi.py,709,1,,,0,0,0
Mailpile,C:\Users\Zhifei Chen\Desktop\pysmell\subjects_for_metrics\Mailpile\mailpile\crypto\gpgi.py,710,1,,,0,0,0
Mailpile,C:\Users\Zhifei Chen\Desktop\pysmell\subjects_for_metrics\Mailpile\mailpile\crypto\gpgi.py,710,1,,,0,0,0
Mailpile,C:\Users\Zhifei Chen\Desktop\pysmell\subjects_for_metrics\Mailpile\mailpile\crypto\gpgi.py,711,1,,,0,0,0
Mailpile,C:\Users\Zhifei Chen\Desktop\pysmell\subjects_for_metrics\Mailpile\mailpile\crypto\gpgi.py,713,1,,,0,0,0
Mailpile,C:\Users\Zhifei Chen\Desktop\pysmell\subjects_for_metrics\Mailpile\mailpile\crypto\gpgi.py,721,1,,,0,0,0
Mailpile,C:\Users\Zhifei Chen\Desktop\pysmell\subjects_for_metrics\Mailpile\mailpile\crypto\gpgi.py,722,1,,,0,0,0
Mailpile,C:\Users\Zhifei Chen\Desktop\pysmell\subjects_for_metrics\Mailpile\mailpile\crypto\gpgi.py,723,1,,,0,0,0
Mailpile,C:\Users\Zhifei Chen\Desktop\pysmell\subjects_for_metrics\Mailpile\mailpile\crypto\gpgi.py,723,1,,,0,0,0
Mailpile,C:\Users\Zhifei Chen\Desktop\pysmell\subjects_for_metrics\Mailpile\mailpile\crypto\gpgi.py,724,1,,,0,0,0
Mailpile,C:\Users\Zhifei Chen\Desktop\pysmell\subjects_for_metrics\Mailpile\mailpile\crypto\gpgi.py,726,1,,,0,0,0
Mailpile,C:\Users\Zhifei Chen\Desktop\pysmell\subjects_for_metrics\Mailpile\mailpile\crypto\gpgi.py,727,1,,,0,0,0
Mailpile,C:\Users\Zhifei Chen\Desktop\pysmell\subjects_for_metrics\Mailpile\mailpile\crypto\gpgi.py,728,1,,,0,0,0
Mailpile,C:\Users\Zhifei Chen\Desktop\pysmell\subjects_for_metrics\Mailpile\mailpile\crypto\gpgi.py,729,1,,,0,0,0
Mailpile,C:\Users\Zhifei Chen\Desktop\pysmell\subjects_for_metrics\Mailpile\mailpile\crypto\gpgi.py,730,1,,,0,0,0
Mailpile,C:\Users\Zhifei Chen\Desktop\pysmell\subjects_for_metrics\Mailpile\mailpile\crypto\gpgi.py,731,1,,,0,0,0
Mailpile,C:\Users\Zhifei Chen\Desktop\pysmell\subjects_for_metrics\Mailpile\mailpile\crypto\gpgi.py,732,1,,,0,0,0
Mailpile,C:\Users\Zhifei Chen\Desktop\pysmell\subjects_for_metrics\Mailpile\mailpile\crypto\gpgi.py,733,1,,,0,0,0
Mailpile,C:\Users\Zhifei Chen\Desktop\pysmell\subjects_for_metrics\Mailpile\mailpile\crypto\gpgi.py,734,1,,,0,0,0
Mailpile,C:\Users\Zhifei Chen\Desktop\pysmell\subjects_for_metrics\Mailpile\mailpile\crypto\gpgi.py,735,1,,,0,0,0
Mailpile,C:\Users\Zhifei Chen\Desktop\pysmell\subjects_for_metrics\Mailpile\mailpile\crypto\gpgi.py,736,1,,,0,0,0
Mailpile,C:\Users\Zhifei Chen\Desktop\pysmell\subjects_for_metrics\Mailpile\mailpile\crypto\gpgi.py,737,1,,,0,0,0
Mailpile,C:\Users\Zhifei Chen\Desktop\pysmell\subjects_for_metrics\Mailpile\mailpile\crypto\gpgi.py,738,1,,,0,0,0
Mailpile,C:\Users\Zhifei Chen\Desktop\pysmell\subjects_for_metrics\Mailpile\mailpile\crypto\gpgi.py,739,1,,,0,0,0
Mailpile,C:\Users\Zhifei Chen\Desktop\pysmell\subjects_for_metrics\Mailpile\mailpile\crypto\gpgi.py,740,1,,,0,0,0
Mailpile,C:\Users\Zhifei Chen\Desktop\pysmell\subjects_for_metrics\Mailpile\mailpile\crypto\gpgi.py,741,1,,,0,0,0
Mailpile,C:\Users\Zhifei Chen\Desktop\pysmell\subjects_for_metrics\Mailpile\mailpile\crypto\gpgi.py,767,1,,,0,0,0
Mailpile,C:\Users\Zhifei Chen\Desktop\pysmell\subjects_for_metrics\Mailpile\mailpile\crypto\gpgi.py,773,2,,,0,0,0
Mailpile,C:\Users\Zhifei Chen\Desktop\pysmell\subjects_for_metrics\Mailpile\mailpile\crypto\gpgi.py,774,1,,,0,0,0
Mailpile,C:\Users\Zhifei Chen\Desktop\pysmell\subjects_for_metrics\Mailpile\mailpile\crypto\gpgi.py,775,1,,,0,0,0
Mailpile,C:\Users\Zhifei Chen\Desktop\pysmell\subjects_for_metrics\Mailpile\mailpile\crypto\gpgi.py,776,1,,,0,0,0
Mailpile,C:\Users\Zhifei Chen\Desktop\pysmell\subjects_for_metrics\Mailpile\mailpile\crypto\gpgi.py,782,2,,,0,0,0
Mailpile,C:\Users\Zhifei Chen\Desktop\pysmell\subjects_for_metrics\Mailpile\mailpile\crypto\gpgi.py,783,2,,,0,0,0
Mailpile,C:\Users\Zhifei Chen\Desktop\pysmell\subjects_for_metrics\Mailpile\mailpile\crypto\gpgi.py,791,1,,,0,0,0
Mailpile,C:\Users\Zhifei Chen\Desktop\pysmell\subjects_for_metrics\Mailpile\mailpile\crypto\gpgi.py,793,1,,,0,0,0
Mailpile,C:\Users\Zhifei Chen\Desktop\pysmell\subjects_for_metrics\Mailpile\mailpile\crypto\gpgi.py,794,1,,,0,0,0
Mailpile,C:\Users\Zhifei Chen\Desktop\pysmell\subjects_for_metrics\Mailpile\mailpile\crypto\gpgi.py,795,1,,,0,0,0
Mailpile,C:\Users\Zhifei Chen\Desktop\pysmell\subjects_for_metrics\Mailpile\mailpile\crypto\gpgi.py,847,1,,,0,0,0
Mailpile,C:\Users\Zhifei Chen\Desktop\pysmell\subjects_for_metrics\Mailpile\mailpile\crypto\gpgi.py,847,2,,,0,0,0
Mailpile,C:\Users\Zhifei Chen\Desktop\pysmell\subjects_for_metrics\Mailpile\mailpile\crypto\gpgi.py,876,1,,,0,0,0
Mailpile,C:\Users\Zhifei Chen\Desktop\pysmell\subjects_for_metrics\Mailpile\mailpile\crypto\gpgi.py,876,2,,,0,0,0
Mailpile,C:\Users\Zhifei Chen\Desktop\pysmell\subjects_for_metrics\Mailpile\mailpile\crypto\gpgi.py,893,1,,,0,0,0
Mailpile,C:\Users\Zhifei Chen\Desktop\pysmell\subjects_for_metrics\Mailpile\mailpile\crypto\gpgi.py,895,2,,,0,0,0
Mailpile,C:\Users\Zhifei Chen\Desktop\pysmell\subjects_for_metrics\Mailpile\mailpile\crypto\gpgi.py,897,2,,,0,0,0
Mailpile,C:\Users\Zhifei Chen\Desktop\pysmell\subjects_for_metrics\Mailpile\mailpile\crypto\gpgi.py,907,1,,,0,0,0
Mailpile,C:\Users\Zhifei Chen\Desktop\pysmell\subjects_for_metrics\Mailpile\mailpile\crypto\gpgi.py,909,2,,,0,0,0
Mailpile,C:\Users\Zhifei Chen\Desktop\pysmell\subjects_for_metrics\Mailpile\mailpile\crypto\gpgi.py,912,2,,,0,0,0
Mailpile,C:\Users\Zhifei Chen\Desktop\pysmell\subjects_for_metrics\Mailpile\mailpile\crypto\gpgi.py,915,1,,,0,0,0
Mailpile,C:\Users\Zhifei Chen\Desktop\pysmell\subjects_for_metrics\Mailpile\mailpile\crypto\gpgi.py,917,1,,,0,0,0
Mailpile,C:\Users\Zhifei Chen\Desktop\pysmell\subjects_for_metrics\Mailpile\mailpile\crypto\gpgi.py,918,1,,,0,0,0
Mailpile,C:\Users\Zhifei Chen\Desktop\pysmell\subjects_for_metrics\Mailpile\mailpile\crypto\gpgi.py,919,1,,,0,0,0
Mailpile,C:\Users\Zhifei Chen\Desktop\pysmell\subjects_for_metrics\Mailpile\mailpile\crypto\gpgi.py,920,1,,,0,0,0
Mailpile,C:\Users\Zhifei Chen\Desktop\pysmell\subjects_for_metrics\Mailpile\mailpile\crypto\gpgi.py,921,1,,,0,0,0
Mailpile,C:\Users\Zhifei Chen\Desktop\pysmell\subjects_for_metrics\Mailpile\mailpile\crypto\gpgi.py,923,1,,,0,0,0
Mailpile,C:\Users\Zhifei Chen\Desktop\pysmell\subjects_for_metrics\Mailpile\mailpile\crypto\gpgi.py,923,,2,1,0,0,0
Mailpile,C:\Users\Zhifei Chen\Desktop\pysmell\subjects_for_metrics\Mailpile\mailpile\crypto\gpgi.py,924,1,,,0,0,0
Mailpile,C:\Users\Zhifei Chen\Desktop\pysmell\subjects_for_metrics\Mailpile\mailpile\crypto\gpgi.py,925,1,,,0,0,0
Mailpile,C:\Users\Zhifei Chen\Desktop\pysmell\subjects_for_metrics\Mailpile\mailpile\crypto\gpgi.py,927,1,,,0,0,0
Mailpile,C:\Users\Zhifei Chen\Desktop\pysmell\subjects_for_metrics\Mailpile\mailpile\crypto\gpgi.py,932,1,,,0,0,0
Mailpile,C:\Users\Zhifei Chen\Desktop\pysmell\subjects_for_metrics\Mailpile\mailpile\crypto\gpgi.py,933,1,,,0,0,0
Mailpile,C:\Users\Zhifei Chen\Desktop\pysmell\subjects_for_metrics\Mailpile\mailpile\crypto\gpgi.py,934,2,,,0,0,0
Mailpile,C:\Users\Zhifei Chen\Desktop\pysmell\subjects_for_metrics\Mailpile\mailpile\crypto\gpgi.py,940,2,,,0,0,0
Mailpile,C:\Users\Zhifei Chen\Desktop\pysmell\subjects_for_metrics\Mailpile\mailpile\crypto\gpgi.py,949,1,,,0,0,0
Mailpile,C:\Users\Zhifei Chen\Desktop\pysmell\subjects_for_metrics\Mailpile\mailpile\crypto\gpgi.py,949,1,,,0,0,0
Mailpile,C:\Users\Zhifei Chen\Desktop\pysmell\subjects_for_metrics\Mailpile\mailpile\crypto\gpgi.py,950,1,,,0,0,0
Mailpile,C:\Users\Zhifei Chen\Desktop\pysmell\subjects_for_metrics\Mailpile\mailpile\crypto\gpgi.py,1005,1,,,0,0,0
Mailpile,C:\Users\Zhifei Chen\Desktop\pysmell\subjects_for_metrics\Mailpile\mailpile\crypto\gpgi.py,1014,1,,,0,0,0
Mailpile,C:\Users\Zhifei Chen\Desktop\pysmell\subjects_for_metrics\Mailpile\mailpile\crypto\gpgi.py,1014,1,,,0,0,0
Mailpile,C:\Users\Zhifei Chen\Desktop\pysmell\subjects_for_metrics\Mailpile\mailpile\crypto\gpgi.py,1033,1,,,0,0,0
Mailpile,C:\Users\Zhifei Chen\Desktop\pysmell\subjects_for_metrics\Mailpile\mailpile\crypto\gpgi.py,1034,1,,,0,0,0
Mailpile,C:\Users\Zhifei Chen\Desktop\pysmell\subjects_for_metrics\Mailpile\mailpile\crypto\gpgi.py,1037,1,,,0,0,0
Mailpile,C:\Users\Zhifei Chen\Desktop\pysmell\subjects_for_metrics\Mailpile\mailpile\crypto\gpgi.py,1044,1,,,0,0,0
Mailpile,C:\Users\Zhifei Chen\Desktop\pysmell\subjects_for_metrics\Mailpile\mailpile\crypto\gpgi.py,1063,,2,1,0,0,0
Mailpile,C:\Users\Zhifei Chen\Desktop\pysmell\subjects_for_metrics\Mailpile\mailpile\crypto\gpgi.py,1076,,2,1,0,0,0
Mailpile,C:\Users\Zhifei Chen\Desktop\pysmell\subjects_for_metrics\Mailpile\mailpile\crypto\gpgi.py,1088,,2,1,0,0,0
Mailpile,C:\Users\Zhifei Chen\Desktop\pysmell\subjects_for_metrics\Mailpile\mailpile\crypto\gpgi.py,1096,1,,,0,0,0
Mailpile,C:\Users\Zhifei Chen\Desktop\pysmell\subjects_for_metrics\Mailpile\mailpile\crypto\gpgi.py,1125,1,,,0,0,0
Mailpile,C:\Users\Zhifei Chen\Desktop\pysmell\subjects_for_metrics\Mailpile\mailpile\crypto\gpgi.py,1128,1,,,0,0,0
Mailpile,C:\Users\Zhifei Chen\Desktop\pysmell\subjects_for_metrics\Mailpile\mailpile\crypto\gpgi.py,1162,1,,,0,0,0
Mailpile,C:\Users\Zhifei Chen\Desktop\pysmell\subjects_for_metrics\Mailpile\mailpile\crypto\gpgi.py,1165,1,,,0,0,0
Mailpile,C:\Users\Zhifei Chen\Desktop\pysmell\subjects_for_metrics\Mailpile\mailpile\crypto\gpgi.py,1218,1,,,0,0,0
Mailpile,C:\Users\Zhifei Chen\Desktop\pysmell\subjects_for_metrics\Mailpile\mailpile\crypto\gpgi.py,1230,,2,1,0,0,0
Mailpile,C:\Users\Zhifei Chen\Desktop\pysmell\subjects_for_metrics\Mailpile\mailpile\crypto\gpgi.py,1265,1,,,0,0,0
Mailpile,C:\Users\Zhifei Chen\Desktop\pysmell\subjects_for_metrics\Mailpile\mailpile\crypto\gpgi.py,1278,,2,1,0,0,0
Mailpile,C:\Users\Zhifei Chen\Desktop\pysmell\subjects_for_metrics\Mailpile\mailpile\crypto\gpgi.py,1283,,2,1,0,0,0
Mailpile,C:\Users\Zhifei Chen\Desktop\pysmell\subjects_for_metrics\Mailpile\mailpile\crypto\gpgi.py,1291,,2,1,0,0,0
Mailpile,C:\Users\Zhifei Chen\Desktop\pysmell\subjects_for_metrics\Mailpile\mailpile\crypto\gpgi.py,1335,1,,,0,0,0
Mailpile,C:\Users\Zhifei Chen\Desktop\pysmell\subjects_for_metrics\Mailpile\mailpile\crypto\gpgi.py,1336,1,,,0,0,0
Mailpile,C:\Users\Zhifei Chen\Desktop\pysmell\subjects_for_metrics\Mailpile\mailpile\crypto\gpgi.py,1337,1,,,0,0,0
Mailpile,C:\Users\Zhifei Chen\Desktop\pysmell\subjects_for_metrics\Mailpile\mailpile\crypto\gpgi.py,1339,1,,,0,0,0
Mailpile,C:\Users\Zhifei Chen\Desktop\pysmell\subjects_for_metrics\Mailpile\mailpile\crypto\mime.py,68,1,,,0,0,0
Mailpile,C:\Users\Zhifei Chen\Desktop\pysmell\subjects_for_metrics\Mailpile\mailpile\crypto\mime.py,89,1,,,0,0,0
Mailpile,C:\Users\Zhifei Chen\Desktop\pysmell\subjects_for_metrics\Mailpile\mailpile\crypto\mime.py,145,1,,,0,0,0
Mailpile,C:\Users\Zhifei Chen\Desktop\pysmell\subjects_for_metrics\Mailpile\mailpile\crypto\mime.py,152,1,,,0,0,0
Mailpile,C:\Users\Zhifei Chen\Desktop\pysmell\subjects_for_metrics\Mailpile\mailpile\crypto\mime.py,154,1,,,0,0,0
Mailpile,C:\Users\Zhifei Chen\Desktop\pysmell\subjects_for_metrics\Mailpile\mailpile\crypto\mime.py,276,1,,,0,0,0
Mailpile,C:\Users\Zhifei Chen\Desktop\pysmell\subjects_for_metrics\Mailpile\mailpile\crypto\mime.py,303,1,,,0,0,0
Mailpile,C:\Users\Zhifei Chen\Desktop\pysmell\subjects_for_metrics\Mailpile\mailpile\crypto\mime.py,303,1,,,0,0,0
Mailpile,C:\Users\Zhifei Chen\Desktop\pysmell\subjects_for_metrics\Mailpile\mailpile\crypto\mime.py,304,1,,,0,0,0
Mailpile,C:\Users\Zhifei Chen\Desktop\pysmell\subjects_for_metrics\Mailpile\mailpile\crypto\mime.py,306,1,,,0,0,0
Mailpile,C:\Users\Zhifei Chen\Desktop\pysmell\subjects_for_metrics\Mailpile\mailpile\crypto\mime.py,324,,2,1,0,0,0
Mailpile,C:\Users\Zhifei Chen\Desktop\pysmell\subjects_for_metrics\Mailpile\mailpile\crypto\mime.py,333,1,,,0,0,0
Mailpile,C:\Users\Zhifei Chen\Desktop\pysmell\subjects_for_metrics\Mailpile\mailpile\crypto\mime.py,376,,2,1,0,0,0
Mailpile,C:\Users\Zhifei Chen\Desktop\pysmell\subjects_for_metrics\Mailpile\mailpile\crypto\mime.py,380,,2,1,0,0,0
Mailpile,C:\Users\Zhifei Chen\Desktop\pysmell\subjects_for_metrics\Mailpile\mailpile\crypto\mime.py,412,1,,,0,0,0
Mailpile,C:\Users\Zhifei Chen\Desktop\pysmell\subjects_for_metrics\Mailpile\mailpile\crypto\state.py,44,1,,,0,0,0
Mailpile,C:\Users\Zhifei Chen\Desktop\pysmell\subjects_for_metrics\Mailpile\mailpile\crypto\state.py,66,1,,,0,0,0
Mailpile,C:\Users\Zhifei Chen\Desktop\pysmell\subjects_for_metrics\Mailpile\mailpile\crypto\state.py,87,1,,,0,0,0
Mailpile,C:\Users\Zhifei Chen\Desktop\pysmell\subjects_for_metrics\Mailpile\mailpile\crypto\state.py,101,1,,,0,0,0
Mailpile,C:\Users\Zhifei Chen\Desktop\pysmell\subjects_for_metrics\Mailpile\mailpile\crypto\state.py,108,1,,,0,0,0
Mailpile,C:\Users\Zhifei Chen\Desktop\pysmell\subjects_for_metrics\Mailpile\mailpile\crypto\state.py,110,1,,,0,0,0
Mailpile,C:\Users\Zhifei Chen\Desktop\pysmell\subjects_for_metrics\Mailpile\mailpile\crypto\state.py,114,1,,,0,0,0
Mailpile,C:\Users\Zhifei Chen\Desktop\pysmell\subjects_for_metrics\Mailpile\mailpile\crypto\streamer.py,55,1,,,0,0,0
Mailpile,C:\Users\Zhifei Chen\Desktop\pysmell\subjects_for_metrics\Mailpile\mailpile\crypto\streamer.py,56,1,,,0,0,0
Mailpile,C:\Users\Zhifei Chen\Desktop\pysmell\subjects_for_metrics\Mailpile\mailpile\crypto\streamer.py,444,1,,,0,0,0
Mailpile,C:\Users\Zhifei Chen\Desktop\pysmell\subjects_for_metrics\Mailpile\mailpile\crypto\streamer.py,445,1,,,0,0,0
Mailpile,C:\Users\Zhifei Chen\Desktop\pysmell\subjects_for_metrics\Mailpile\mailpile\crypto\streamer.py,490,1,,,0,0,0
Mailpile,C:\Users\Zhifei Chen\Desktop\pysmell\subjects_for_metrics\Mailpile\mailpile\crypto\streamer.py,519,1,,,0,0,0
Mailpile,C:\Users\Zhifei Chen\Desktop\pysmell\subjects_for_metrics\Mailpile\mailpile\crypto\streamer.py,521,1,,,0,0,0
Mailpile,C:\Users\Zhifei Chen\Desktop\pysmell\subjects_for_metrics\Mailpile\mailpile\crypto\streamer.py,525,1,,,0,0,0
Mailpile,C:\Users\Zhifei Chen\Desktop\pysmell\subjects_for_metrics\Mailpile\mailpile\crypto\streamer.py,526,1,,,0,0,0
Mailpile,C:\Users\Zhifei Chen\Desktop\pysmell\subjects_for_metrics\Mailpile\mailpile\crypto\streamer.py,633,,2,1,0,0,0
Mailpile,C:\Users\Zhifei Chen\Desktop\pysmell\subjects_for_metrics\Mailpile\mailpile\crypto\streamer.py,666,1,,,0,0,0
Mailpile,C:\Users\Zhifei Chen\Desktop\pysmell\subjects_for_metrics\Mailpile\mailpile\crypto\streamer.py,689,1,,,0,0,0
Mailpile,C:\Users\Zhifei Chen\Desktop\pysmell\subjects_for_metrics\Mailpile\mailpile\crypto\streamer.py,692,1,,,0,0,0
Mailpile,C:\Users\Zhifei Chen\Desktop\pysmell\subjects_for_metrics\Mailpile\mailpile\crypto\streamer.py,700,1,,,0,0,0
Mailpile,C:\Users\Zhifei Chen\Desktop\pysmell\subjects_for_metrics\Mailpile\mailpile\crypto\streamer.py,780,1,,,0,0,0
Mailpile,C:\Users\Zhifei Chen\Desktop\pysmell\subjects_for_metrics\Mailpile\mailpile\crypto\streamer.py,795,1,,,0,0,0
Mailpile,C:\Users\Zhifei Chen\Desktop\pysmell\subjects_for_metrics\Mailpile\mailpile\crypto\streamer.py,799,1,,,0,0,0
Mailpile,C:\Users\Zhifei Chen\Desktop\pysmell\subjects_for_metrics\Mailpile\mailpile\crypto\streamer.py,804,1,,,0,0,0
Mailpile,C:\Users\Zhifei Chen\Desktop\pysmell\subjects_for_metrics\Mailpile\mailpile\crypto\streamer.py,808,1,,,0,0,0
Mailpile,C:\Users\Zhifei Chen\Desktop\pysmell\subjects_for_metrics\Mailpile\mailpile\crypto\streamer.py,812,1,,,0,0,0
Mailpile,C:\Users\Zhifei Chen\Desktop\pysmell\subjects_for_metrics\Mailpile\mailpile\crypto\streamer.py,817,1,,,0,0,0
Mailpile,C:\Users\Zhifei Chen\Desktop\pysmell\subjects_for_metrics\Mailpile\mailpile\crypto\streamer.py,824,1,,,0,0,0
Mailpile,C:\Users\Zhifei Chen\Desktop\pysmell\subjects_for_metrics\Mailpile\mailpile\crypto\tor.py,8,1,,,0,0,0
Mailpile,C:\Users\Zhifei Chen\Desktop\pysmell\subjects_for_metrics\Mailpile\mailpile\crypto\tor.py,9,1,,,0,0,0
Mailpile,C:\Users\Zhifei Chen\Desktop\pysmell\subjects_for_metrics\Mailpile\mailpile\crypto\tor.py,9,1,,,0,0,0
Mailpile,C:\Users\Zhifei Chen\Desktop\pysmell\subjects_for_metrics\Mailpile\mailpile\crypto\tor.py,92,,3,1,0,0,0
Mailpile,C:\Users\Zhifei Chen\Desktop\pysmell\subjects_for_metrics\Mailpile\mailpile\crypto\tor.py,92,1,,,0,0,0
Mailpile,C:\Users\Zhifei Chen\Desktop\pysmell\subjects_for_metrics\Mailpile\mailpile\crypto\tor.py,92,1,,,0,0,0
Mailpile,C:\Users\Zhifei Chen\Desktop\pysmell\subjects_for_metrics\Mailpile\mailpile\mailboxes\gmvault.py,43,1,,,0,0,0
Mailpile,C:\Users\Zhifei Chen\Desktop\pysmell\subjects_for_metrics\Mailpile\mailpile\mailboxes\gmvault.py,47,1,,,0,0,0
Mailpile,C:\Users\Zhifei Chen\Desktop\pysmell\subjects_for_metrics\Mailpile\mailpile\mailboxes\imap.py,51,1,,,0,0,0
Mailpile,C:\Users\Zhifei Chen\Desktop\pysmell\subjects_for_metrics\Mailpile\mailpile\mailboxes\imap.py,54,1,,,0,0,0
Mailpile,C:\Users\Zhifei Chen\Desktop\pysmell\subjects_for_metrics\Mailpile\mailpile\mailboxes\imap.py,75,1,,,0,0,0
Mailpile,C:\Users\Zhifei Chen\Desktop\pysmell\subjects_for_metrics\Mailpile\mailpile\mailboxes\imap.py,80,1,,,0,0,0
Mailpile,C:\Users\Zhifei Chen\Desktop\pysmell\subjects_for_metrics\Mailpile\mailpile\mailboxes\imap.py,116,1,,,0,0,0
Mailpile,C:\Users\Zhifei Chen\Desktop\pysmell\subjects_for_metrics\Mailpile\mailpile\mailboxes\macmail.py,55,1,,,0,0,0
Mailpile,C:\Users\Zhifei Chen\Desktop\pysmell\subjects_for_metrics\Mailpile\mailpile\mailboxes\maildir.py,18,1,,,0,0,0
Mailpile,C:\Users\Zhifei Chen\Desktop\pysmell\subjects_for_metrics\Mailpile\mailpile\mailboxes\maildir.py,30,1,,,0,0,0
Mailpile,C:\Users\Zhifei Chen\Desktop\pysmell\subjects_for_metrics\Mailpile\mailpile\mailboxes\maildir.py,35,1,,,0,0,0
Mailpile,C:\Users\Zhifei Chen\Desktop\pysmell\subjects_for_metrics\Mailpile\mailpile\mailboxes\maildir.py,36,1,,,0,0,0
Mailpile,C:\Users\Zhifei Chen\Desktop\pysmell\subjects_for_metrics\Mailpile\mailpile\mailboxes\maildir.py,37,1,,,0,0,0
Mailpile,C:\Users\Zhifei Chen\Desktop\pysmell\subjects_for_metrics\Mailpile\mailpile\mailboxes\mbox.py,76,1,,,0,0,0
Mailpile,C:\Users\Zhifei Chen\Desktop\pysmell\subjects_for_metrics\Mailpile\mailpile\mailboxes\mbox.py,103,1,,,0,0,0
Mailpile,C:\Users\Zhifei Chen\Desktop\pysmell\subjects_for_metrics\Mailpile\mailpile\mailboxes\mbox.py,104,1,,,0,0,0
Mailpile,C:\Users\Zhifei Chen\Desktop\pysmell\subjects_for_metrics\Mailpile\mailpile\mailboxes\mbox.py,109,1,,,0,0,0
Mailpile,C:\Users\Zhifei Chen\Desktop\pysmell\subjects_for_metrics\Mailpile\mailpile\mailboxes\mbox.py,150,1,,,0,0,0
Mailpile,C:\Users\Zhifei Chen\Desktop\pysmell\subjects_for_metrics\Mailpile\mailpile\mailboxes\mbox.py,160,2,,,0,0,0
Mailpile,C:\Users\Zhifei Chen\Desktop\pysmell\subjects_for_metrics\Mailpile\mailpile\mailboxes\mbox.py,168,1,,,0,0,0
Mailpile,C:\Users\Zhifei Chen\Desktop\pysmell\subjects_for_metrics\Mailpile\mailpile\mailboxes\mbox.py,169,1,,,0,0,0
Mailpile,C:\Users\Zhifei Chen\Desktop\pysmell\subjects_for_metrics\Mailpile\mailpile\mailboxes\mbox.py,170,1,,,0,0,0
Mailpile,C:\Users\Zhifei Chen\Desktop\pysmell\subjects_for_metrics\Mailpile\mailpile\mailboxes\mbox.py,176,2,,,0,0,0
Mailpile,C:\Users\Zhifei Chen\Desktop\pysmell\subjects_for_metrics\Mailpile\mailpile\mailboxes\pop3.py,90,1,,,0,0,0
Mailpile,C:\Users\Zhifei Chen\Desktop\pysmell\subjects_for_metrics\Mailpile\mailpile\mailboxes\pop3.py,92,1,,,0,0,0
Mailpile,C:\Users\Zhifei Chen\Desktop\pysmell\subjects_for_metrics\Mailpile\mailpile\mailboxes\pop3.py,116,1,,,0,0,0
Mailpile,C:\Users\Zhifei Chen\Desktop\pysmell\subjects_for_metrics\Mailpile\mailpile\mailboxes\pop3.py,137,1,,,0,0,0
Mailpile,C:\Users\Zhifei Chen\Desktop\pysmell\subjects_for_metrics\Mailpile\mailpile\mailboxes\pop3.py,157,1,,,0,0,0
Mailpile,C:\Users\Zhifei Chen\Desktop\pysmell\subjects_for_metrics\Mailpile\mailpile\mailboxes\pop3.py,187,1,,,0,0,0
Mailpile,C:\Users\Zhifei Chen\Desktop\pysmell\subjects_for_metrics\Mailpile\mailpile\mailboxes\pop3.py,189,2,,,0,0,0
Mailpile,C:\Users\Zhifei Chen\Desktop\pysmell\subjects_for_metrics\Mailpile\mailpile\mailboxes\pop3.py,190,1,,,0,0,0
Mailpile,C:\Users\Zhifei Chen\Desktop\pysmell\subjects_for_metrics\Mailpile\mailpile\mailboxes\pop3.py,198,1,,,0,0,0
Mailpile,C:\Users\Zhifei Chen\Desktop\pysmell\subjects_for_metrics\Mailpile\mailpile\mailboxes\pop3.py,266,,3,1,0,0,0
Mailpile,C:\Users\Zhifei Chen\Desktop\pysmell\subjects_for_metrics\Mailpile\mailpile\mailboxes\pop3.py,271,,2,1,0,0,0
Mailpile,C:\Users\Zhifei Chen\Desktop\pysmell\subjects_for_metrics\Mailpile\mailpile\mailboxes\pop3.py,278,1,,,0,0,0
Mailpile,C:\Users\Zhifei Chen\Desktop\pysmell\subjects_for_metrics\Mailpile\mailpile\mailboxes\pop3.py,281,1,,,0,0,0
Mailpile,C:\Users\Zhifei Chen\Desktop\pysmell\subjects_for_metrics\Mailpile\mailpile\mailboxes\pop3.py,282,1,,,0,0,0
Mailpile,C:\Users\Zhifei Chen\Desktop\pysmell\subjects_for_metrics\Mailpile\mailpile\mailboxes\pop3.py,289,1,,,0,0,0
Mailpile,C:\Users\Zhifei Chen\Desktop\pysmell\subjects_for_metrics\Mailpile\mailpile\mailboxes\pop3.py,307,2,,,0,0,0
Mailpile,C:\Users\Zhifei Chen\Desktop\pysmell\subjects_for_metrics\Mailpile\mailpile\mailboxes\pop3.py,333,1,,,0,0,0
Mailpile,C:\Users\Zhifei Chen\Desktop\pysmell\subjects_for_metrics\Mailpile\mailpile\mailboxes\pop3.py,337,1,,,0,0,0
Mailpile,C:\Users\Zhifei Chen\Desktop\pysmell\subjects_for_metrics\Mailpile\mailpile\mailboxes\wervd.py,23,1,,,0,0,0
Mailpile,C:\Users\Zhifei Chen\Desktop\pysmell\subjects_for_metrics\Mailpile\mailpile\mailboxes\wervd.py,38,1,,,0,0,0
Mailpile,C:\Users\Zhifei Chen\Desktop\pysmell\subjects_for_metrics\Mailpile\mailpile\mailboxes\wervd.py,46,1,,,0,0,0
Mailpile,C:\Users\Zhifei Chen\Desktop\pysmell\subjects_for_metrics\Mailpile\mailpile\mailboxes\wervd.py,78,1,,,0,0,0
Mailpile,C:\Users\Zhifei Chen\Desktop\pysmell\subjects_for_metrics\Mailpile\mailpile\mailboxes\wervd.py,79,1,,,0,0,0
Mailpile,C:\Users\Zhifei Chen\Desktop\pysmell\subjects_for_metrics\Mailpile\mailpile\mailboxes\wervd.py,80,1,,,0,0,0
Mailpile,C:\Users\Zhifei Chen\Desktop\pysmell\subjects_for_metrics\Mailpile\mailpile\mailboxes\wervd.py,86,1,,,0,0,0
Mailpile,C:\Users\Zhifei Chen\Desktop\pysmell\subjects_for_metrics\Mailpile\mailpile\mailboxes\wervd.py,88,1,,,0,0,0
Mailpile,C:\Users\Zhifei Chen\Desktop\pysmell\subjects_for_metrics\Mailpile\mailpile\mailboxes\wervd.py,94,1,,,0,0,0
Mailpile,C:\Users\Zhifei Chen\Desktop\pysmell\subjects_for_metrics\Mailpile\mailpile\mailboxes\wervd.py,116,1,,,0,0,0
Mailpile,C:\Users\Zhifei Chen\Desktop\pysmell\subjects_for_metrics\Mailpile\mailpile\mailboxes\wervd.py,120,1,,,0,0,0
Mailpile,C:\Users\Zhifei Chen\Desktop\pysmell\subjects_for_metrics\Mailpile\mailpile\mailboxes\__init__.py,107,1,,,0,0,0
Mailpile,C:\Users\Zhifei Chen\Desktop\pysmell\subjects_for_metrics\Mailpile\mailpile\mailboxes\__init__.py,125,1,,,0,0,0
Mailpile,C:\Users\Zhifei Chen\Desktop\pysmell\subjects_for_metrics\Mailpile\mailpile\mailboxes\__init__.py,139,1,,,0,0,0
Mailpile,C:\Users\Zhifei Chen\Desktop\pysmell\subjects_for_metrics\Mailpile\mailpile\mail_source\imap.py,101,,2,1,0,0,0
Mailpile,C:\Users\Zhifei Chen\Desktop\pysmell\subjects_for_metrics\Mailpile\mailpile\mail_source\imap.py,104,1,,,0,0,0
Mailpile,C:\Users\Zhifei Chen\Desktop\pysmell\subjects_for_metrics\Mailpile\mailpile\mail_source\imap.py,113,1,,,0,0,0
Mailpile,C:\Users\Zhifei Chen\Desktop\pysmell\subjects_for_metrics\Mailpile\mailpile\mail_source\imap.py,114,1,,,0,0,0
Mailpile,C:\Users\Zhifei Chen\Desktop\pysmell\subjects_for_metrics\Mailpile\mailpile\mail_source\imap.py,115,1,,,0,0,0
Mailpile,C:\Users\Zhifei Chen\Desktop\pysmell\subjects_for_metrics\Mailpile\mailpile\mail_source\imap.py,116,1,,,0,0,0
Mailpile,C:\Users\Zhifei Chen\Desktop\pysmell\subjects_for_metrics\Mailpile\mailpile\mail_source\imap.py,119,1,,,0,0,0
Mailpile,C:\Users\Zhifei Chen\Desktop\pysmell\subjects_for_metrics\Mailpile\mailpile\mail_source\imap.py,120,1,,,0,0,0
Mailpile,C:\Users\Zhifei Chen\Desktop\pysmell\subjects_for_metrics\Mailpile\mailpile\mail_source\imap.py,122,1,,,0,0,0
Mailpile,C:\Users\Zhifei Chen\Desktop\pysmell\subjects_for_metrics\Mailpile\mailpile\mail_source\imap.py,126,1,,,0,0,0
Mailpile,C:\Users\Zhifei Chen\Desktop\pysmell\subjects_for_metrics\Mailpile\mailpile\mail_source\imap.py,199,1,,,0,0,0
Mailpile,C:\Users\Zhifei Chen\Desktop\pysmell\subjects_for_metrics\Mailpile\mailpile\mail_source\imap.py,200,1,,,0,0,0
Mailpile,C:\Users\Zhifei Chen\Desktop\pysmell\subjects_for_metrics\Mailpile\mailpile\mail_source\imap.py,202,1,,,0,0,0
Mailpile,C:\Users\Zhifei Chen\Desktop\pysmell\subjects_for_metrics\Mailpile\mailpile\mail_source\imap.py,205,,2,1,0,0,0
Mailpile,C:\Users\Zhifei Chen\Desktop\pysmell\subjects_for_metrics\Mailpile\mailpile\mail_source\imap.py,214,1,,,0,0,0
Mailpile,C:\Users\Zhifei Chen\Desktop\pysmell\subjects_for_metrics\Mailpile\mailpile\mail_source\imap.py,216,1,,,0,0,0
Mailpile,C:\Users\Zhifei Chen\Desktop\pysmell\subjects_for_metrics\Mailpile\mailpile\mail_source\imap.py,376,1,,,0,0,0
Mailpile,C:\Users\Zhifei Chen\Desktop\pysmell\subjects_for_metrics\Mailpile\mailpile\mail_source\imap.py,377,1,,,0,0,0
Mailpile,C:\Users\Zhifei Chen\Desktop\pysmell\subjects_for_metrics\Mailpile\mailpile\mail_source\imap.py,378,1,,,0,0,0
Mailpile,C:\Users\Zhifei Chen\Desktop\pysmell\subjects_for_metrics\Mailpile\mailpile\mail_source\imap.py,404,1,,,0,0,0
Mailpile,C:\Users\Zhifei Chen\Desktop\pysmell\subjects_for_metrics\Mailpile\mailpile\mail_source\imap.py,408,2,,,0,0,0
Mailpile,C:\Users\Zhifei Chen\Desktop\pysmell\subjects_for_metrics\Mailpile\mailpile\mail_source\imap.py,409,2,,,0,0,0
Mailpile,C:\Users\Zhifei Chen\Desktop\pysmell\subjects_for_metrics\Mailpile\mailpile\mail_source\imap.py,437,1,,,0,0,0
Mailpile,C:\Users\Zhifei Chen\Desktop\pysmell\subjects_for_metrics\Mailpile\mailpile\mail_source\imap.py,448,1,,,0,0,0
Mailpile,C:\Users\Zhifei Chen\Desktop\pysmell\subjects_for_metrics\Mailpile\mailpile\mail_source\imap.py,457,,2,1,0,0,0
Mailpile,C:\Users\Zhifei Chen\Desktop\pysmell\subjects_for_metrics\Mailpile\mailpile\mail_source\imap.py,476,1,,,0,0,0
Mailpile,C:\Users\Zhifei Chen\Desktop\pysmell\subjects_for_metrics\Mailpile\mailpile\mail_source\imap.py,591,1,,,0,0,0
Mailpile,C:\Users\Zhifei Chen\Desktop\pysmell\subjects_for_metrics\Mailpile\mailpile\mail_source\imap.py,614,1,,,0,0,0
Mailpile,C:\Users\Zhifei Chen\Desktop\pysmell\subjects_for_metrics\Mailpile\mailpile\mail_source\imap.py,615,1,,,0,0,0
Mailpile,C:\Users\Zhifei Chen\Desktop\pysmell\subjects_for_metrics\Mailpile\mailpile\mail_source\imap.py,616,1,,,0,0,0
Mailpile,C:\Users\Zhifei Chen\Desktop\pysmell\subjects_for_metrics\Mailpile\mailpile\mail_source\imap.py,633,,2,1,0,0,0
Mailpile,C:\Users\Zhifei Chen\Desktop\pysmell\subjects_for_metrics\Mailpile\mailpile\mail_source\imap.py,633,1,,,0,0,0
Mailpile,C:\Users\Zhifei Chen\Desktop\pysmell\subjects_for_metrics\Mailpile\mailpile\mail_source\imap.py,633,,2,1,0,0,0
Mailpile,C:\Users\Zhifei Chen\Desktop\pysmell\subjects_for_metrics\Mailpile\mailpile\mail_source\imap.py,633,1,,,0,0,0
Mailpile,C:\Users\Zhifei Chen\Desktop\pysmell\subjects_for_metrics\Mailpile\mailpile\mail_source\imap.py,672,,2,1,0,0,0
Mailpile,C:\Users\Zhifei Chen\Desktop\pysmell\subjects_for_metrics\Mailpile\mailpile\mail_source\imap.py,701,1,,,0,0,0
Mailpile,C:\Users\Zhifei Chen\Desktop\pysmell\subjects_for_metrics\Mailpile\mailpile\mail_source\imap.py,707,1,,,0,0,0
Mailpile,C:\Users\Zhifei Chen\Desktop\pysmell\subjects_for_metrics\Mailpile\mailpile\mail_source\imap.py,707,,2,1,0,0,0
Mailpile,C:\Users\Zhifei Chen\Desktop\pysmell\subjects_for_metrics\Mailpile\mailpile\mail_source\imap.py,778,1,,,0,0,0
Mailpile,C:\Users\Zhifei Chen\Desktop\pysmell\subjects_for_metrics\Mailpile\mailpile\mail_source\imap.py,806,1,,,0,0,0
Mailpile,C:\Users\Zhifei Chen\Desktop\pysmell\subjects_for_metrics\Mailpile\mailpile\mail_source\imap.py,806,1,,,0,0,0
Mailpile,C:\Users\Zhifei Chen\Desktop\pysmell\subjects_for_metrics\Mailpile\mailpile\mail_source\imap.py,807,1,,,0,0,0
Mailpile,C:\Users\Zhifei Chen\Desktop\pysmell\subjects_for_metrics\Mailpile\mailpile\mail_source\imap.py,807,1,,,0,0,0
Mailpile,C:\Users\Zhifei Chen\Desktop\pysmell\subjects_for_metrics\Mailpile\mailpile\mail_source\imap.py,815,1,,,0,0,0
Mailpile,C:\Users\Zhifei Chen\Desktop\pysmell\subjects_for_metrics\Mailpile\mailpile\mail_source\imap.py,815,1,,,0,0,0
Mailpile,C:\Users\Zhifei Chen\Desktop\pysmell\subjects_for_metrics\Mailpile\mailpile\mail_source\imap.py,817,2,,,0,0,0
Mailpile,C:\Users\Zhifei Chen\Desktop\pysmell\subjects_for_metrics\Mailpile\mailpile\mail_source\imap.py,819,1,,,0,0,0
Mailpile,C:\Users\Zhifei Chen\Desktop\pysmell\subjects_for_metrics\Mailpile\mailpile\mail_source\imap.py,848,1,,,0,0,0
Mailpile,C:\Users\Zhifei Chen\Desktop\pysmell\subjects_for_metrics\Mailpile\mailpile\mail_source\imap.py,858,1,,,0,0,0
Mailpile,C:\Users\Zhifei Chen\Desktop\pysmell\subjects_for_metrics\Mailpile\mailpile\mail_source\imap.py,865,1,,,0,0,0
Mailpile,C:\Users\Zhifei Chen\Desktop\pysmell\subjects_for_metrics\Mailpile\mailpile\mail_source\imap.py,871,1,,,0,0,0
Mailpile,C:\Users\Zhifei Chen\Desktop\pysmell\subjects_for_metrics\Mailpile\mailpile\mail_source\imap.py,881,1,,,0,0,0
Mailpile,C:\Users\Zhifei Chen\Desktop\pysmell\subjects_for_metrics\Mailpile\mailpile\mail_source\imap.py,911,1,,,0,0,0
Mailpile,C:\Users\Zhifei Chen\Desktop\pysmell\subjects_for_metrics\Mailpile\mailpile\mail_source\imap.py,945,,3,1,0,0,0
Mailpile,C:\Users\Zhifei Chen\Desktop\pysmell\subjects_for_metrics\Mailpile\mailpile\mail_source\imap.py,984,,3,1,0,0,0
Mailpile,C:\Users\Zhifei Chen\Desktop\pysmell\subjects_for_metrics\Mailpile\mailpile\mail_source\imap.py,1011,1,,,0,0,0
Mailpile,C:\Users\Zhifei Chen\Desktop\pysmell\subjects_for_metrics\Mailpile\mailpile\mail_source\imap_starttls.py,29,1,,,0,0,0
Mailpile,C:\Users\Zhifei Chen\Desktop\pysmell\subjects_for_metrics\Mailpile\mailpile\mail_source\imap_utf7.py,17,1,,,0,0,0
Mailpile,C:\Users\Zhifei Chen\Desktop\pysmell\subjects_for_metrics\Mailpile\mailpile\mail_source\imap_utf7.py,50,1,,,0,0,0
Mailpile,C:\Users\Zhifei Chen\Desktop\pysmell\subjects_for_metrics\Mailpile\mailpile\mail_source\imap_utf7.py,58,1,,,0,0,0
Mailpile,C:\Users\Zhifei Chen\Desktop\pysmell\subjects_for_metrics\Mailpile\mailpile\mail_source\local.py,39,1,,,0,0,0
Mailpile,C:\Users\Zhifei Chen\Desktop\pysmell\subjects_for_metrics\Mailpile\mailpile\mail_source\local.py,47,1,,,0,0,0
Mailpile,C:\Users\Zhifei Chen\Desktop\pysmell\subjects_for_metrics\Mailpile\mailpile\mail_source\local.py,58,1,,,0,0,0
Mailpile,C:\Users\Zhifei Chen\Desktop\pysmell\subjects_for_metrics\Mailpile\mailpile\mail_source\local.py,82,2,,,0,0,0
Mailpile,C:\Users\Zhifei Chen\Desktop\pysmell\subjects_for_metrics\Mailpile\mailpile\mail_source\local.py,82,1,,,0,0,0
Mailpile,C:\Users\Zhifei Chen\Desktop\pysmell\subjects_for_metrics\Mailpile\mailpile\mail_source\local.py,84,1,,,0,0,0
Mailpile,C:\Users\Zhifei Chen\Desktop\pysmell\subjects_for_metrics\Mailpile\mailpile\mail_source\local.py,84,1,,,0,0,0
Mailpile,C:\Users\Zhifei Chen\Desktop\pysmell\subjects_for_metrics\Mailpile\mailpile\mail_source\pop3.py,12,1,,,0,0,0
Mailpile,C:\Users\Zhifei Chen\Desktop\pysmell\subjects_for_metrics\Mailpile\mailpile\mail_source\pop3.py,12,,2,1,0,0,0
Mailpile,C:\Users\Zhifei Chen\Desktop\pysmell\subjects_for_metrics\Mailpile\mailpile\mail_source\pop3.py,42,1,,,0,0,0
Mailpile,C:\Users\Zhifei Chen\Desktop\pysmell\subjects_for_metrics\Mailpile\mailpile\mail_source\pop3.py,65,1,,,0,0,0
Mailpile,C:\Users\Zhifei Chen\Desktop\pysmell\subjects_for_metrics\Mailpile\mailpile\mail_source\pop3.py,66,1,,,0,0,0
Mailpile,C:\Users\Zhifei Chen\Desktop\pysmell\subjects_for_metrics\Mailpile\mailpile\mail_source\pop3.py,66,,2,1,0,0,0
Mailpile,C:\Users\Zhifei Chen\Desktop\pysmell\subjects_for_metrics\Mailpile\mailpile\mail_source\pop3.py,78,1,,,0,0,0
Mailpile,C:\Users\Zhifei Chen\Desktop\pysmell\subjects_for_metrics\Mailpile\mailpile\mail_source\pop3.py,83,2,,,0,0,0
Mailpile,C:\Users\Zhifei Chen\Desktop\pysmell\subjects_for_metrics\Mailpile\mailpile\mail_source\pop3.py,83,1,,,0,0,0
Mailpile,C:\Users\Zhifei Chen\Desktop\pysmell\subjects_for_metrics\Mailpile\mailpile\mail_source\pop3.py,85,1,,,0,0,0
Mailpile,C:\Users\Zhifei Chen\Desktop\pysmell\subjects_for_metrics\Mailpile\mailpile\mail_source\pop3.py,85,1,,,0,0,0
Mailpile,C:\Users\Zhifei Chen\Desktop\pysmell\subjects_for_metrics\Mailpile\mailpile\mail_source\pop3.py,115,1,,,0,0,0
Mailpile,C:\Users\Zhifei Chen\Desktop\pysmell\subjects_for_metrics\Mailpile\mailpile\mail_source\pop3.py,116,1,,,0,0,0
Mailpile,C:\Users\Zhifei Chen\Desktop\pysmell\subjects_for_metrics\Mailpile\mailpile\mail_source\pop3.py,117,1,,,0,0,0
Mailpile,C:\Users\Zhifei Chen\Desktop\pysmell\subjects_for_metrics\Mailpile\mailpile\mail_source\pop3.py,118,1,,,0,0,0
Mailpile,C:\Users\Zhifei Chen\Desktop\pysmell\subjects_for_metrics\Mailpile\mailpile\mail_source\pop3.py,119,1,,,0,0,0
Mailpile,C:\Users\Zhifei Chen\Desktop\pysmell\subjects_for_metrics\Mailpile\mailpile\mail_source\__init__.py,50,1,,,0,0,0
Mailpile,C:\Users\Zhifei Chen\Desktop\pysmell\subjects_for_metrics\Mailpile\mailpile\mail_source\__init__.py,101,1,,,0,0,0
Mailpile,C:\Users\Zhifei Chen\Desktop\pysmell\subjects_for_metrics\Mailpile\mailpile\mail_source\__init__.py,142,1,,,0,0,0
Mailpile,C:\Users\Zhifei Chen\Desktop\pysmell\subjects_for_metrics\Mailpile\mailpile\mail_source\__init__.py,149,1,,,0,0,0
Mailpile,C:\Users\Zhifei Chen\Desktop\pysmell\subjects_for_metrics\Mailpile\mailpile\mail_source\__init__.py,151,1,,,0,0,0
Mailpile,C:\Users\Zhifei Chen\Desktop\pysmell\subjects_for_metrics\Mailpile\mailpile\mail_source\__init__.py,155,1,,,0,0,0
Mailpile,C:\Users\Zhifei Chen\Desktop\pysmell\subjects_for_metrics\Mailpile\mailpile\mail_source\__init__.py,156,2,,,0,0,0
Mailpile,C:\Users\Zhifei Chen\Desktop\pysmell\subjects_for_metrics\Mailpile\mailpile\mail_source\__init__.py,192,1,,,0,0,0
Mailpile,C:\Users\Zhifei Chen\Desktop\pysmell\subjects_for_metrics\Mailpile\mailpile\mail_source\__init__.py,192,1,,,0,0,0
Mailpile,C:\Users\Zhifei Chen\Desktop\pysmell\subjects_for_metrics\Mailpile\mailpile\mail_source\__init__.py,354,2,,,0,0,0
Mailpile,C:\Users\Zhifei Chen\Desktop\pysmell\subjects_for_metrics\Mailpile\mailpile\mail_source\__init__.py,355,1,,,0,0,0
Mailpile,C:\Users\Zhifei Chen\Desktop\pysmell\subjects_for_metrics\Mailpile\mailpile\mail_source\__init__.py,403,1,,,0,0,0
Mailpile,C:\Users\Zhifei Chen\Desktop\pysmell\subjects_for_metrics\Mailpile\mailpile\mail_source\__init__.py,407,1,,,0,0,0
Mailpile,C:\Users\Zhifei Chen\Desktop\pysmell\subjects_for_metrics\Mailpile\mailpile\mail_source\__init__.py,426,1,,,0,0,0
Mailpile,C:\Users\Zhifei Chen\Desktop\pysmell\subjects_for_metrics\Mailpile\mailpile\mail_source\__init__.py,432,1,,,0,0,0
Mailpile,C:\Users\Zhifei Chen\Desktop\pysmell\subjects_for_metrics\Mailpile\mailpile\mail_source\__init__.py,459,1,,,0,0,0
Mailpile,C:\Users\Zhifei Chen\Desktop\pysmell\subjects_for_metrics\Mailpile\mailpile\mail_source\__init__.py,465,1,,,0,0,0
Mailpile,C:\Users\Zhifei Chen\Desktop\pysmell\subjects_for_metrics\Mailpile\mailpile\mail_source\__init__.py,496,1,,,0,0,0
Mailpile,C:\Users\Zhifei Chen\Desktop\pysmell\subjects_for_metrics\Mailpile\mailpile\mail_source\__init__.py,498,1,,,0,0,0
Mailpile,C:\Users\Zhifei Chen\Desktop\pysmell\subjects_for_metrics\Mailpile\mailpile\mail_source\__init__.py,575,1,,,0,0,0
Mailpile,C:\Users\Zhifei Chen\Desktop\pysmell\subjects_for_metrics\Mailpile\mailpile\mail_source\__init__.py,576,1,,,0,0,0
Mailpile,C:\Users\Zhifei Chen\Desktop\pysmell\subjects_for_metrics\Mailpile\mailpile\mail_source\__init__.py,611,1,,,0,0,0
Mailpile,C:\Users\Zhifei Chen\Desktop\pysmell\subjects_for_metrics\Mailpile\mailpile\mail_source\__init__.py,630,1,,,0,0,0
Mailpile,C:\Users\Zhifei Chen\Desktop\pysmell\subjects_for_metrics\Mailpile\mailpile\mail_source\__init__.py,649,1,,,0,0,0
Mailpile,C:\Users\Zhifei Chen\Desktop\pysmell\subjects_for_metrics\Mailpile\mailpile\mail_source\__init__.py,729,1,,,0,0,0
Mailpile,C:\Users\Zhifei Chen\Desktop\pysmell\subjects_for_metrics\Mailpile\mailpile\mail_source\__init__.py,848,,2,1,0,0,0
Mailpile,C:\Users\Zhifei Chen\Desktop\pysmell\subjects_for_metrics\Mailpile\mailpile\mail_source\__init__.py,891,1,,,0,0,0
Mailpile,C:\Users\Zhifei Chen\Desktop\pysmell\subjects_for_metrics\Mailpile\mailpile\mail_source\__init__.py,893,1,,,0,0,0
Mailpile,C:\Users\Zhifei Chen\Desktop\pysmell\subjects_for_metrics\Mailpile\mailpile\plugins\autotag.py,29,,4,2,0,1,1
Mailpile,C:\Users\Zhifei Chen\Desktop\pysmell\subjects_for_metrics\Mailpile\mailpile\plugins\autotag.py,43,1,,,0,0,0
Mailpile,C:\Users\Zhifei Chen\Desktop\pysmell\subjects_for_metrics\Mailpile\mailpile\plugins\autotag.py,91,1,,,0,0,0
Mailpile,C:\Users\Zhifei Chen\Desktop\pysmell\subjects_for_metrics\Mailpile\mailpile\plugins\autotag.py,121,1,,,0,0,0
Mailpile,C:\Users\Zhifei Chen\Desktop\pysmell\subjects_for_metrics\Mailpile\mailpile\plugins\autotag.py,122,1,,,0,0,0
Mailpile,C:\Users\Zhifei Chen\Desktop\pysmell\subjects_for_metrics\Mailpile\mailpile\plugins\autotag.py,144,1,,,0,0,0
Mailpile,C:\Users\Zhifei Chen\Desktop\pysmell\subjects_for_metrics\Mailpile\mailpile\plugins\autotag.py,145,1,,,0,0,0
Mailpile,C:\Users\Zhifei Chen\Desktop\pysmell\subjects_for_metrics\Mailpile\mailpile\plugins\autotag.py,175,1,,,0,0,0
Mailpile,C:\Users\Zhifei Chen\Desktop\pysmell\subjects_for_metrics\Mailpile\mailpile\plugins\autotag.py,177,1,,,0,0,0
Mailpile,C:\Users\Zhifei Chen\Desktop\pysmell\subjects_for_metrics\Mailpile\mailpile\plugins\autotag.py,181,1,,,0,0,0
Mailpile,C:\Users\Zhifei Chen\Desktop\pysmell\subjects_for_metrics\Mailpile\mailpile\plugins\autotag.py,183,,2,1,0,0,0
Mailpile,C:\Users\Zhifei Chen\Desktop\pysmell\subjects_for_metrics\Mailpile\mailpile\plugins\autotag.py,190,,2,1,0,0,0
Mailpile,C:\Users\Zhifei Chen\Desktop\pysmell\subjects_for_metrics\Mailpile\mailpile\plugins\autotag.py,205,1,,,0,0,0
Mailpile,C:\Users\Zhifei Chen\Desktop\pysmell\subjects_for_metrics\Mailpile\mailpile\plugins\autotag.py,225,1,,,0,0,0
Mailpile,C:\Users\Zhifei Chen\Desktop\pysmell\subjects_for_metrics\Mailpile\mailpile\plugins\autotag.py,228,1,,,0,0,0
Mailpile,C:\Users\Zhifei Chen\Desktop\pysmell\subjects_for_metrics\Mailpile\mailpile\plugins\autotag.py,289,,2,1,0,0,0
Mailpile,C:\Users\Zhifei Chen\Desktop\pysmell\subjects_for_metrics\Mailpile\mailpile\plugins\autotag.py,308,1,,,0,0,0
Mailpile,C:\Users\Zhifei Chen\Desktop\pysmell\subjects_for_metrics\Mailpile\mailpile\plugins\autotag.py,321,1,,,0,0,0
Mailpile,C:\Users\Zhifei Chen\Desktop\pysmell\subjects_for_metrics\Mailpile\mailpile\plugins\autotag.py,322,1,,,0,0,0
Mailpile,C:\Users\Zhifei Chen\Desktop\pysmell\subjects_for_metrics\Mailpile\mailpile\plugins\autotag.py,348,1,,,0,0,0
Mailpile,C:\Users\Zhifei Chen\Desktop\pysmell\subjects_for_metrics\Mailpile\mailpile\plugins\autotag.py,348,1,,,0,0,0
Mailpile,C:\Users\Zhifei Chen\Desktop\pysmell\subjects_for_metrics\Mailpile\mailpile\plugins\autotag.py,352,1,,,0,0,0
Mailpile,C:\Users\Zhifei Chen\Desktop\pysmell\subjects_for_metrics\Mailpile\mailpile\plugins\autotag.py,354,1,,,0,0,0
Mailpile,C:\Users\Zhifei Chen\Desktop\pysmell\subjects_for_metrics\Mailpile\mailpile\plugins\autotag.py,358,1,,,0,0,0
Mailpile,C:\Users\Zhifei Chen\Desktop\pysmell\subjects_for_metrics\Mailpile\mailpile\plugins\autotag.py,360,1,,,0,0,0
Mailpile,C:\Users\Zhifei Chen\Desktop\pysmell\subjects_for_metrics\Mailpile\mailpile\plugins\autotag.py,363,1,,,0,0,0
Mailpile,C:\Users\Zhifei Chen\Desktop\pysmell\subjects_for_metrics\Mailpile\mailpile\plugins\autotag_sb.py,41,1,,,0,0,0
Mailpile,C:\Users\Zhifei Chen\Desktop\pysmell\subjects_for_metrics\Mailpile\mailpile\plugins\autotag_sb.py,42,1,,,0,0,0
Mailpile,C:\Users\Zhifei Chen\Desktop\pysmell\subjects_for_metrics\Mailpile\mailpile\plugins\compose.py,40,1,,,0,0,0
Mailpile,C:\Users\Zhifei Chen\Desktop\pysmell\subjects_for_metrics\Mailpile\mailpile\plugins\compose.py,42,1,,,0,0,0
Mailpile,C:\Users\Zhifei Chen\Desktop\pysmell\subjects_for_metrics\Mailpile\mailpile\plugins\compose.py,43,1,,,0,0,0
Mailpile,C:\Users\Zhifei Chen\Desktop\pysmell\subjects_for_metrics\Mailpile\mailpile\plugins\compose.py,43,1,,,0,0,0
Mailpile,C:\Users\Zhifei Chen\Desktop\pysmell\subjects_for_metrics\Mailpile\mailpile\plugins\compose.py,83,1,,,0,0,0
Mailpile,C:\Users\Zhifei Chen\Desktop\pysmell\subjects_for_metrics\Mailpile\mailpile\plugins\compose.py,85,1,,,0,0,0
Mailpile,C:\Users\Zhifei Chen\Desktop\pysmell\subjects_for_metrics\Mailpile\mailpile\plugins\compose.py,127,1,,,0,0,0
Mailpile,C:\Users\Zhifei Chen\Desktop\pysmell\subjects_for_metrics\Mailpile\mailpile\plugins\compose.py,133,1,,,0,0,0
Mailpile,C:\Users\Zhifei Chen\Desktop\pysmell\subjects_for_metrics\Mailpile\mailpile\plugins\compose.py,138,1,,,0,0,0
Mailpile,C:\Users\Zhifei Chen\Desktop\pysmell\subjects_for_metrics\Mailpile\mailpile\plugins\compose.py,175,1,,,0,0,0
Mailpile,C:\Users\Zhifei Chen\Desktop\pysmell\subjects_for_metrics\Mailpile\mailpile\plugins\compose.py,186,,2,1,0,0,0
Mailpile,C:\Users\Zhifei Chen\Desktop\pysmell\subjects_for_metrics\Mailpile\mailpile\plugins\compose.py,193,1,,,0,0,0
Mailpile,C:\Users\Zhifei Chen\Desktop\pysmell\subjects_for_metrics\Mailpile\mailpile\plugins\compose.py,195,1,,,0,0,0
Mailpile,C:\Users\Zhifei Chen\Desktop\pysmell\subjects_for_metrics\Mailpile\mailpile\plugins\compose.py,204,1,,,0,0,0
Mailpile,C:\Users\Zhifei Chen\Desktop\pysmell\subjects_for_metrics\Mailpile\mailpile\plugins\compose.py,212,1,,,0,0,0
Mailpile,C:\Users\Zhifei Chen\Desktop\pysmell\subjects_for_metrics\Mailpile\mailpile\plugins\compose.py,225,1,,,0,0,0
Mailpile,C:\Users\Zhifei Chen\Desktop\pysmell\subjects_for_metrics\Mailpile\mailpile\plugins\compose.py,340,1,,,0,0,0
Mailpile,C:\Users\Zhifei Chen\Desktop\pysmell\subjects_for_metrics\Mailpile\mailpile\plugins\compose.py,346,1,,,0,0,0
Mailpile,C:\Users\Zhifei Chen\Desktop\pysmell\subjects_for_metrics\Mailpile\mailpile\plugins\compose.py,355,1,,,0,0,0
Mailpile,C:\Users\Zhifei Chen\Desktop\pysmell\subjects_for_metrics\Mailpile\mailpile\plugins\compose.py,366,2,,,0,0,0
Mailpile,C:\Users\Zhifei Chen\Desktop\pysmell\subjects_for_metrics\Mailpile\mailpile\plugins\compose.py,411,1,,,0,0,0
Mailpile,C:\Users\Zhifei Chen\Desktop\pysmell\subjects_for_metrics\Mailpile\mailpile\plugins\compose.py,411,1,,,0,0,0
Mailpile,C:\Users\Zhifei Chen\Desktop\pysmell\subjects_for_metrics\Mailpile\mailpile\plugins\compose.py,419,,2,1,0,0,0
Mailpile,C:\Users\Zhifei Chen\Desktop\pysmell\subjects_for_metrics\Mailpile\mailpile\plugins\compose.py,420,,2,1,0,0,0
Mailpile,C:\Users\Zhifei Chen\Desktop\pysmell\subjects_for_metrics\Mailpile\mailpile\plugins\compose.py,430,1,,,0,0,0
Mailpile,C:\Users\Zhifei Chen\Desktop\pysmell\subjects_for_metrics\Mailpile\mailpile\plugins\compose.py,433,,2,1,0,0,0
Mailpile,C:\Users\Zhifei Chen\Desktop\pysmell\subjects_for_metrics\Mailpile\mailpile\plugins\compose.py,443,1,,,0,0,0
Mailpile,C:\Users\Zhifei Chen\Desktop\pysmell\subjects_for_metrics\Mailpile\mailpile\plugins\compose.py,460,1,,,0,0,0
Mailpile,C:\Users\Zhifei Chen\Desktop\pysmell\subjects_for_metrics\Mailpile\mailpile\plugins\compose.py,462,1,,,0,0,0
Mailpile,C:\Users\Zhifei Chen\Desktop\pysmell\subjects_for_metrics\Mailpile\mailpile\plugins\compose.py,468,1,,,0,0,0
Mailpile,C:\Users\Zhifei Chen\Desktop\pysmell\subjects_for_metrics\Mailpile\mailpile\plugins\compose.py,469,1,,,0,0,0
Mailpile,C:\Users\Zhifei Chen\Desktop\pysmell\subjects_for_metrics\Mailpile\mailpile\plugins\compose.py,481,1,,,0,0,0
Mailpile,C:\Users\Zhifei Chen\Desktop\pysmell\subjects_for_metrics\Mailpile\mailpile\plugins\compose.py,483,1,,,0,0,0
Mailpile,C:\Users\Zhifei Chen\Desktop\pysmell\subjects_for_metrics\Mailpile\mailpile\plugins\compose.py,484,1,,,0,0,0
Mailpile,C:\Users\Zhifei Chen\Desktop\pysmell\subjects_for_metrics\Mailpile\mailpile\plugins\compose.py,488,1,,,0,0,0
Mailpile,C:\Users\Zhifei Chen\Desktop\pysmell\subjects_for_metrics\Mailpile\mailpile\plugins\compose.py,488,1,,,0,0,0
Mailpile,C:\Users\Zhifei Chen\Desktop\pysmell\subjects_for_metrics\Mailpile\mailpile\plugins\compose.py,489,1,,,0,0,0
Mailpile,C:\Users\Zhifei Chen\Desktop\pysmell\subjects_for_metrics\Mailpile\mailpile\plugins\compose.py,490,1,,,0,0,0
Mailpile,C:\Users\Zhifei Chen\Desktop\pysmell\subjects_for_metrics\Mailpile\mailpile\plugins\compose.py,495,2,,,0,0,0
Mailpile,C:\Users\Zhifei Chen\Desktop\pysmell\subjects_for_metrics\Mailpile\mailpile\plugins\compose.py,504,1,,,0,0,0
Mailpile,C:\Users\Zhifei Chen\Desktop\pysmell\subjects_for_metrics\Mailpile\mailpile\plugins\compose.py,505,1,,,0,0,0
Mailpile,C:\Users\Zhifei Chen\Desktop\pysmell\subjects_for_metrics\Mailpile\mailpile\plugins\compose.py,517,1,,,0,0,0
Mailpile,C:\Users\Zhifei Chen\Desktop\pysmell\subjects_for_metrics\Mailpile\mailpile\plugins\compose.py,522,1,,,0,0,0
Mailpile,C:\Users\Zhifei Chen\Desktop\pysmell\subjects_for_metrics\Mailpile\mailpile\plugins\compose.py,529,1,,,0,0,0
Mailpile,C:\Users\Zhifei Chen\Desktop\pysmell\subjects_for_metrics\Mailpile\mailpile\plugins\compose.py,543,1,,,0,0,0
Mailpile,C:\Users\Zhifei Chen\Desktop\pysmell\subjects_for_metrics\Mailpile\mailpile\plugins\compose.py,545,1,,,0,0,0
Mailpile,C:\Users\Zhifei Chen\Desktop\pysmell\subjects_for_metrics\Mailpile\mailpile\plugins\compose.py,589,2,,,0,0,0
Mailpile,C:\Users\Zhifei Chen\Desktop\pysmell\subjects_for_metrics\Mailpile\mailpile\plugins\compose.py,596,1,,,0,0,0
Mailpile,C:\Users\Zhifei Chen\Desktop\pysmell\subjects_for_metrics\Mailpile\mailpile\plugins\compose.py,600,1,,,0,0,0
Mailpile,C:\Users\Zhifei Chen\Desktop\pysmell\subjects_for_metrics\Mailpile\mailpile\plugins\compose.py,600,1,,,0,0,0
Mailpile,C:\Users\Zhifei Chen\Desktop\pysmell\subjects_for_metrics\Mailpile\mailpile\plugins\compose.py,601,1,,,0,0,0
Mailpile,C:\Users\Zhifei Chen\Desktop\pysmell\subjects_for_metrics\Mailpile\mailpile\plugins\compose.py,604,1,,,0,0,0
Mailpile,C:\Users\Zhifei Chen\Desktop\pysmell\subjects_for_metrics\Mailpile\mailpile\plugins\compose.py,605,1,,,0,0,0
Mailpile,C:\Users\Zhifei Chen\Desktop\pysmell\subjects_for_metrics\Mailpile\mailpile\plugins\compose.py,606,1,,,0,0,0
Mailpile,C:\Users\Zhifei Chen\Desktop\pysmell\subjects_for_metrics\Mailpile\mailpile\plugins\compose.py,613,1,,,0,0,0
Mailpile,C:\Users\Zhifei Chen\Desktop\pysmell\subjects_for_metrics\Mailpile\mailpile\plugins\compose.py,614,1,,,0,0,0
Mailpile,C:\Users\Zhifei Chen\Desktop\pysmell\subjects_for_metrics\Mailpile\mailpile\plugins\compose.py,620,1,,,0,0,0
Mailpile,C:\Users\Zhifei Chen\Desktop\pysmell\subjects_for_metrics\Mailpile\mailpile\plugins\compose.py,625,1,,,0,0,0
Mailpile,C:\Users\Zhifei Chen\Desktop\pysmell\subjects_for_metrics\Mailpile\mailpile\plugins\compose.py,629,1,,,0,0,0
Mailpile,C:\Users\Zhifei Chen\Desktop\pysmell\subjects_for_metrics\Mailpile\mailpile\plugins\compose.py,645,1,,,0,0,0
Mailpile,C:\Users\Zhifei Chen\Desktop\pysmell\subjects_for_metrics\Mailpile\mailpile\plugins\compose.py,647,1,,,0,0,0
Mailpile,C:\Users\Zhifei Chen\Desktop\pysmell\subjects_for_metrics\Mailpile\mailpile\plugins\compose.py,658,1,,,0,0,0
Mailpile,C:\Users\Zhifei Chen\Desktop\pysmell\subjects_for_metrics\Mailpile\mailpile\plugins\compose.py,695,1,,,0,0,0
Mailpile,C:\Users\Zhifei Chen\Desktop\pysmell\subjects_for_metrics\Mailpile\mailpile\plugins\compose.py,698,1,,,0,0,0
Mailpile,C:\Users\Zhifei Chen\Desktop\pysmell\subjects_for_metrics\Mailpile\mailpile\plugins\compose.py,707,1,,,0,0,0
Mailpile,C:\Users\Zhifei Chen\Desktop\pysmell\subjects_for_metrics\Mailpile\mailpile\plugins\compose.py,768,1,,,0,0,0
Mailpile,C:\Users\Zhifei Chen\Desktop\pysmell\subjects_for_metrics\Mailpile\mailpile\plugins\compose.py,769,1,,,0,0,0
Mailpile,C:\Users\Zhifei Chen\Desktop\pysmell\subjects_for_metrics\Mailpile\mailpile\plugins\compose.py,834,1,,,0,0,0
Mailpile,C:\Users\Zhifei Chen\Desktop\pysmell\subjects_for_metrics\Mailpile\mailpile\plugins\compose.py,841,1,,,0,0,0
Mailpile,C:\Users\Zhifei Chen\Desktop\pysmell\subjects_for_metrics\Mailpile\mailpile\plugins\compose.py,936,1,,,0,0,0
Mailpile,C:\Users\Zhifei Chen\Desktop\pysmell\subjects_for_metrics\Mailpile\mailpile\plugins\compose.py,938,1,,,0,0,0
Mailpile,C:\Users\Zhifei Chen\Desktop\pysmell\subjects_for_metrics\Mailpile\mailpile\plugins\compose.py,1065,1,,,0,0,0
Mailpile,C:\Users\Zhifei Chen\Desktop\pysmell\subjects_for_metrics\Mailpile\mailpile\plugins\compose.py,1078,,2,1,0,0,0
Mailpile,C:\Users\Zhifei Chen\Desktop\pysmell\subjects_for_metrics\Mailpile\mailpile\plugins\contacts.py,45,1,,,0,0,0
Mailpile,C:\Users\Zhifei Chen\Desktop\pysmell\subjects_for_metrics\Mailpile\mailpile\plugins\contacts.py,47,1,,,0,0,0
Mailpile,C:\Users\Zhifei Chen\Desktop\pysmell\subjects_for_metrics\Mailpile\mailpile\plugins\contacts.py,58,1,,,0,0,0
Mailpile,C:\Users\Zhifei Chen\Desktop\pysmell\subjects_for_metrics\Mailpile\mailpile\plugins\contacts.py,70,1,,,0,0,0
Mailpile,C:\Users\Zhifei Chen\Desktop\pysmell\subjects_for_metrics\Mailpile\mailpile\plugins\contacts.py,70,1,,,0,0,0
Mailpile,C:\Users\Zhifei Chen\Desktop\pysmell\subjects_for_metrics\Mailpile\mailpile\plugins\contacts.py,71,1,,,0,0,0
Mailpile,C:\Users\Zhifei Chen\Desktop\pysmell\subjects_for_metrics\Mailpile\mailpile\plugins\contacts.py,74,1,,,0,0,0
Mailpile,C:\Users\Zhifei Chen\Desktop\pysmell\subjects_for_metrics\Mailpile\mailpile\plugins\contacts.py,74,1,,,0,0,0
Mailpile,C:\Users\Zhifei Chen\Desktop\pysmell\subjects_for_metrics\Mailpile\mailpile\plugins\contacts.py,77,1,,,0,0,0
Mailpile,C:\Users\Zhifei Chen\Desktop\pysmell\subjects_for_metrics\Mailpile\mailpile\plugins\contacts.py,77,1,,,0,0,0
Mailpile,C:\Users\Zhifei Chen\Desktop\pysmell\subjects_for_metrics\Mailpile\mailpile\plugins\contacts.py,96,1,,,0,0,0
Mailpile,C:\Users\Zhifei Chen\Desktop\pysmell\subjects_for_metrics\Mailpile\mailpile\plugins\contacts.py,112,1,,,0,0,0
Mailpile,C:\Users\Zhifei Chen\Desktop\pysmell\subjects_for_metrics\Mailpile\mailpile\plugins\contacts.py,113,1,,,0,0,0
Mailpile,C:\Users\Zhifei Chen\Desktop\pysmell\subjects_for_metrics\Mailpile\mailpile\plugins\contacts.py,117,1,,,0,0,0
Mailpile,C:\Users\Zhifei Chen\Desktop\pysmell\subjects_for_metrics\Mailpile\mailpile\plugins\contacts.py,121,1,,,0,0,0
Mailpile,C:\Users\Zhifei Chen\Desktop\pysmell\subjects_for_metrics\Mailpile\mailpile\plugins\contacts.py,175,,2,1,0,0,0
Mailpile,C:\Users\Zhifei Chen\Desktop\pysmell\subjects_for_metrics\Mailpile\mailpile\plugins\contacts.py,178,1,,,0,0,0
Mailpile,C:\Users\Zhifei Chen\Desktop\pysmell\subjects_for_metrics\Mailpile\mailpile\plugins\contacts.py,184,1,,,0,0,0
Mailpile,C:\Users\Zhifei Chen\Desktop\pysmell\subjects_for_metrics\Mailpile\mailpile\plugins\contacts.py,184,1,,,0,0,0
Mailpile,C:\Users\Zhifei Chen\Desktop\pysmell\subjects_for_metrics\Mailpile\mailpile\plugins\contacts.py,185,1,,,0,0,0
Mailpile,C:\Users\Zhifei Chen\Desktop\pysmell\subjects_for_metrics\Mailpile\mailpile\plugins\contacts.py,187,1,,,0,0,0
Mailpile,C:\Users\Zhifei Chen\Desktop\pysmell\subjects_for_metrics\Mailpile\mailpile\plugins\contacts.py,213,1,,,0,0,0
Mailpile,C:\Users\Zhifei Chen\Desktop\pysmell\subjects_for_metrics\Mailpile\mailpile\plugins\contacts.py,214,1,,,0,0,0
Mailpile,C:\Users\Zhifei Chen\Desktop\pysmell\subjects_for_metrics\Mailpile\mailpile\plugins\contacts.py,215,1,,,0,0,0
Mailpile,C:\Users\Zhifei Chen\Desktop\pysmell\subjects_for_metrics\Mailpile\mailpile\plugins\contacts.py,219,1,,,0,0,0
Mailpile,C:\Users\Zhifei Chen\Desktop\pysmell\subjects_for_metrics\Mailpile\mailpile\plugins\contacts.py,222,1,,,0,0,0
Mailpile,C:\Users\Zhifei Chen\Desktop\pysmell\subjects_for_metrics\Mailpile\mailpile\plugins\contacts.py,224,1,,,0,0,0
Mailpile,C:\Users\Zhifei Chen\Desktop\pysmell\subjects_for_metrics\Mailpile\mailpile\plugins\contacts.py,230,,2,1,0,0,0
Mailpile,C:\Users\Zhifei Chen\Desktop\pysmell\subjects_for_metrics\Mailpile\mailpile\plugins\contacts.py,230,1,,,0,0,0
Mailpile,C:\Users\Zhifei Chen\Desktop\pysmell\subjects_for_metrics\Mailpile\mailpile\plugins\contacts.py,234,1,,,0,0,0
Mailpile,C:\Users\Zhifei Chen\Desktop\pysmell\subjects_for_metrics\Mailpile\mailpile\plugins\contacts.py,235,2,,,0,0,0
Mailpile,C:\Users\Zhifei Chen\Desktop\pysmell\subjects_for_metrics\Mailpile\mailpile\plugins\contacts.py,237,1,,,0,0,0
Mailpile,C:\Users\Zhifei Chen\Desktop\pysmell\subjects_for_metrics\Mailpile\mailpile\plugins\contacts.py,245,1,,,0,0,0
Mailpile,C:\Users\Zhifei Chen\Desktop\pysmell\subjects_for_metrics\Mailpile\mailpile\plugins\contacts.py,341,1,,,0,0,0
Mailpile,C:\Users\Zhifei Chen\Desktop\pysmell\subjects_for_metrics\Mailpile\mailpile\plugins\contacts.py,341,1,,,0,0,0
Mailpile,C:\Users\Zhifei Chen\Desktop\pysmell\subjects_for_metrics\Mailpile\mailpile\plugins\contacts.py,343,1,,,0,0,0
Mailpile,C:\Users\Zhifei Chen\Desktop\pysmell\subjects_for_metrics\Mailpile\mailpile\plugins\contacts.py,346,1,,,0,0,0
Mailpile,C:\Users\Zhifei Chen\Desktop\pysmell\subjects_for_metrics\Mailpile\mailpile\plugins\contacts.py,361,1,,,0,0,0
Mailpile,C:\Users\Zhifei Chen\Desktop\pysmell\subjects_for_metrics\Mailpile\mailpile\plugins\contacts.py,407,1,,,0,0,0
Mailpile,C:\Users\Zhifei Chen\Desktop\pysmell\subjects_for_metrics\Mailpile\mailpile\plugins\contacts.py,407,1,,,0,0,0
Mailpile,C:\Users\Zhifei Chen\Desktop\pysmell\subjects_for_metrics\Mailpile\mailpile\plugins\contacts.py,450,2,,,0,0,0
Mailpile,C:\Users\Zhifei Chen\Desktop\pysmell\subjects_for_metrics\Mailpile\mailpile\plugins\contacts.py,451,1,,,0,0,0
Mailpile,C:\Users\Zhifei Chen\Desktop\pysmell\subjects_for_metrics\Mailpile\mailpile\plugins\contacts.py,458,1,,,0,0,0
Mailpile,C:\Users\Zhifei Chen\Desktop\pysmell\subjects_for_metrics\Mailpile\mailpile\plugins\contacts.py,463,2,,,0,0,0
Mailpile,C:\Users\Zhifei Chen\Desktop\pysmell\subjects_for_metrics\Mailpile\mailpile\plugins\contacts.py,468,2,,,0,0,0
Mailpile,C:\Users\Zhifei Chen\Desktop\pysmell\subjects_for_metrics\Mailpile\mailpile\plugins\contacts.py,480,1,,,0,0,0
Mailpile,C:\Users\Zhifei Chen\Desktop\pysmell\subjects_for_metrics\Mailpile\mailpile\plugins\contacts.py,499,1,,,0,0,0
Mailpile,C:\Users\Zhifei Chen\Desktop\pysmell\subjects_for_metrics\Mailpile\mailpile\plugins\contacts.py,499,1,,,0,0,0
Mailpile,C:\Users\Zhifei Chen\Desktop\pysmell\subjects_for_metrics\Mailpile\mailpile\plugins\contacts.py,517,1,,,0,0,0
Mailpile,C:\Users\Zhifei Chen\Desktop\pysmell\subjects_for_metrics\Mailpile\mailpile\plugins\contacts.py,518,1,,,0,0,0
Mailpile,C:\Users\Zhifei Chen\Desktop\pysmell\subjects_for_metrics\Mailpile\mailpile\plugins\contacts.py,519,1,,,0,0,0
Mailpile,C:\Users\Zhifei Chen\Desktop\pysmell\subjects_for_metrics\Mailpile\mailpile\plugins\contacts.py,520,1,,,0,0,0
Mailpile,C:\Users\Zhifei Chen\Desktop\pysmell\subjects_for_metrics\Mailpile\mailpile\plugins\contacts.py,522,2,,,0,0,0
Mailpile,C:\Users\Zhifei Chen\Desktop\pysmell\subjects_for_metrics\Mailpile\mailpile\plugins\contacts.py,524,1,,,0,0,0
Mailpile,C:\Users\Zhifei Chen\Desktop\pysmell\subjects_for_metrics\Mailpile\mailpile\plugins\contacts.py,525,1,,,0,0,0
Mailpile,C:\Users\Zhifei Chen\Desktop\pysmell\subjects_for_metrics\Mailpile\mailpile\plugins\contacts.py,525,3,,,1,1,1
Mailpile,C:\Users\Zhifei Chen\Desktop\pysmell\subjects_for_metrics\Mailpile\mailpile\plugins\contacts.py,526,2,,,0,0,0
Mailpile,C:\Users\Zhifei Chen\Desktop\pysmell\subjects_for_metrics\Mailpile\mailpile\plugins\contacts.py,527,4,,,1,1,1
Mailpile,C:\Users\Zhifei Chen\Desktop\pysmell\subjects_for_metrics\Mailpile\mailpile\plugins\contacts.py,528,1,,,0,0,0
Mailpile,C:\Users\Zhifei Chen\Desktop\pysmell\subjects_for_metrics\Mailpile\mailpile\plugins\contacts.py,528,1,,,0,0,0
Mailpile,C:\Users\Zhifei Chen\Desktop\pysmell\subjects_for_metrics\Mailpile\mailpile\plugins\contacts.py,529,1,,,0,0,0
Mailpile,C:\Users\Zhifei Chen\Desktop\pysmell\subjects_for_metrics\Mailpile\mailpile\plugins\contacts.py,529,1,,,0,0,0
Mailpile,C:\Users\Zhifei Chen\Desktop\pysmell\subjects_for_metrics\Mailpile\mailpile\plugins\contacts.py,530,1,,,0,0,0
Mailpile,C:\Users\Zhifei Chen\Desktop\pysmell\subjects_for_metrics\Mailpile\mailpile\plugins\contacts.py,530,2,,,0,0,0
Mailpile,C:\Users\Zhifei Chen\Desktop\pysmell\subjects_for_metrics\Mailpile\mailpile\plugins\contacts.py,533,1,,,0,0,0
Mailpile,C:\Users\Zhifei Chen\Desktop\pysmell\subjects_for_metrics\Mailpile\mailpile\plugins\contacts.py,534,1,,,0,0,0
Mailpile,C:\Users\Zhifei Chen\Desktop\pysmell\subjects_for_metrics\Mailpile\mailpile\plugins\contacts.py,534,3,,,1,1,1
Mailpile,C:\Users\Zhifei Chen\Desktop\pysmell\subjects_for_metrics\Mailpile\mailpile\plugins\contacts.py,535,2,,,0,0,0
Mailpile,C:\Users\Zhifei Chen\Desktop\pysmell\subjects_for_metrics\Mailpile\mailpile\plugins\contacts.py,536,4,,,1,1,1
Mailpile,C:\Users\Zhifei Chen\Desktop\pysmell\subjects_for_metrics\Mailpile\mailpile\plugins\contacts.py,537,1,,,0,0,0
Mailpile,C:\Users\Zhifei Chen\Desktop\pysmell\subjects_for_metrics\Mailpile\mailpile\plugins\contacts.py,537,1,,,0,0,0
Mailpile,C:\Users\Zhifei Chen\Desktop\pysmell\subjects_for_metrics\Mailpile\mailpile\plugins\contacts.py,538,1,,,0,0,0
Mailpile,C:\Users\Zhifei Chen\Desktop\pysmell\subjects_for_metrics\Mailpile\mailpile\plugins\contacts.py,538,1,,,0,0,0
Mailpile,C:\Users\Zhifei Chen\Desktop\pysmell\subjects_for_metrics\Mailpile\mailpile\plugins\contacts.py,539,1,,,0,0,0
Mailpile,C:\Users\Zhifei Chen\Desktop\pysmell\subjects_for_metrics\Mailpile\mailpile\plugins\contacts.py,540,2,,,0,0,0
Mailpile,C:\Users\Zhifei Chen\Desktop\pysmell\subjects_for_metrics\Mailpile\mailpile\plugins\contacts.py,542,1,,,0,0,0
Mailpile,C:\Users\Zhifei Chen\Desktop\pysmell\subjects_for_metrics\Mailpile\mailpile\plugins\contacts.py,543,1,,,0,0,0
Mailpile,C:\Users\Zhifei Chen\Desktop\pysmell\subjects_for_metrics\Mailpile\mailpile\plugins\contacts.py,544,1,,,0,0,0
Mailpile,C:\Users\Zhifei Chen\Desktop\pysmell\subjects_for_metrics\Mailpile\mailpile\plugins\contacts.py,546,1,,,0,0,0
Mailpile,C:\Users\Zhifei Chen\Desktop\pysmell\subjects_for_metrics\Mailpile\mailpile\plugins\contacts.py,547,1,,,0,0,0
Mailpile,C:\Users\Zhifei Chen\Desktop\pysmell\subjects_for_metrics\Mailpile\mailpile\plugins\contacts.py,548,1,,,0,0,0
Mailpile,C:\Users\Zhifei Chen\Desktop\pysmell\subjects_for_metrics\Mailpile\mailpile\plugins\contacts.py,581,1,,,0,0,0
Mailpile,C:\Users\Zhifei Chen\Desktop\pysmell\subjects_for_metrics\Mailpile\mailpile\plugins\contacts.py,619,1,,,0,0,0
Mailpile,C:\Users\Zhifei Chen\Desktop\pysmell\subjects_for_metrics\Mailpile\mailpile\plugins\contacts.py,620,1,,,0,0,0
Mailpile,C:\Users\Zhifei Chen\Desktop\pysmell\subjects_for_metrics\Mailpile\mailpile\plugins\contacts.py,621,1,,,0,0,0
Mailpile,C:\Users\Zhifei Chen\Desktop\pysmell\subjects_for_metrics\Mailpile\mailpile\plugins\contacts.py,622,1,,,0,0,0
Mailpile,C:\Users\Zhifei Chen\Desktop\pysmell\subjects_for_metrics\Mailpile\mailpile\plugins\contacts.py,623,1,,,0,0,0
Mailpile,C:\Users\Zhifei Chen\Desktop\pysmell\subjects_for_metrics\Mailpile\mailpile\plugins\contacts.py,660,1,,,0,0,0
Mailpile,C:\Users\Zhifei Chen\Desktop\pysmell\subjects_for_metrics\Mailpile\mailpile\plugins\contacts.py,661,1,,,0,0,0
Mailpile,C:\Users\Zhifei Chen\Desktop\pysmell\subjects_for_metrics\Mailpile\mailpile\plugins\contacts.py,663,1,,,0,0,0
Mailpile,C:\Users\Zhifei Chen\Desktop\pysmell\subjects_for_metrics\Mailpile\mailpile\plugins\contacts.py,671,1,,,0,0,0
Mailpile,C:\Users\Zhifei Chen\Desktop\pysmell\subjects_for_metrics\Mailpile\mailpile\plugins\contacts.py,689,1,,,0,0,0
Mailpile,C:\Users\Zhifei Chen\Desktop\pysmell\subjects_for_metrics\Mailpile\mailpile\plugins\contacts.py,702,1,,,0,0,0
Mailpile,C:\Users\Zhifei Chen\Desktop\pysmell\subjects_for_metrics\Mailpile\mailpile\plugins\contacts.py,705,1,,,0,0,0
Mailpile,C:\Users\Zhifei Chen\Desktop\pysmell\subjects_for_metrics\Mailpile\mailpile\plugins\contacts.py,706,1,,,0,0,0
Mailpile,C:\Users\Zhifei Chen\Desktop\pysmell\subjects_for_metrics\Mailpile\mailpile\plugins\contacts.py,712,1,,,0,0,0
Mailpile,C:\Users\Zhifei Chen\Desktop\pysmell\subjects_for_metrics\Mailpile\mailpile\plugins\contacts.py,721,1,,,0,0,0
Mailpile,C:\Users\Zhifei Chen\Desktop\pysmell\subjects_for_metrics\Mailpile\mailpile\plugins\contacts.py,730,2,,,0,0,0
Mailpile,C:\Users\Zhifei Chen\Desktop\pysmell\subjects_for_metrics\Mailpile\mailpile\plugins\contacts.py,733,1,,,0,0,0
Mailpile,C:\Users\Zhifei Chen\Desktop\pysmell\subjects_for_metrics\Mailpile\mailpile\plugins\contacts.py,734,1,,,0,0,0
Mailpile,C:\Users\Zhifei Chen\Desktop\pysmell\subjects_for_metrics\Mailpile\mailpile\plugins\contacts.py,760,1,,,0,0,0
Mailpile,C:\Users\Zhifei Chen\Desktop\pysmell\subjects_for_metrics\Mailpile\mailpile\plugins\contacts.py,763,1,,,0,0,0
Mailpile,C:\Users\Zhifei Chen\Desktop\pysmell\subjects_for_metrics\Mailpile\mailpile\plugins\contacts.py,777,1,,,0,0,0
Mailpile,C:\Users\Zhifei Chen\Desktop\pysmell\subjects_for_metrics\Mailpile\mailpile\plugins\contacts.py,777,1,,,0,0,0
Mailpile,C:\Users\Zhifei Chen\Desktop\pysmell\subjects_for_metrics\Mailpile\mailpile\plugins\contacts.py,788,2,,,0,0,0
Mailpile,C:\Users\Zhifei Chen\Desktop\pysmell\subjects_for_metrics\Mailpile\mailpile\plugins\contacts.py,796,1,,,0,0,0
Mailpile,C:\Users\Zhifei Chen\Desktop\pysmell\subjects_for_metrics\Mailpile\mailpile\plugins\contacts.py,797,1,,,0,0,0
Mailpile,C:\Users\Zhifei Chen\Desktop\pysmell\subjects_for_metrics\Mailpile\mailpile\plugins\contacts.py,808,1,,,0,0,0
Mailpile,C:\Users\Zhifei Chen\Desktop\pysmell\subjects_for_metrics\Mailpile\mailpile\plugins\contacts.py,811,1,,,0,0,0
Mailpile,C:\Users\Zhifei Chen\Desktop\pysmell\subjects_for_metrics\Mailpile\mailpile\plugins\contacts.py,817,1,,,0,0,0
Mailpile,C:\Users\Zhifei Chen\Desktop\pysmell\subjects_for_metrics\Mailpile\mailpile\plugins\contacts.py,824,1,,,0,0,0
Mailpile,C:\Users\Zhifei Chen\Desktop\pysmell\subjects_for_metrics\Mailpile\mailpile\plugins\contacts.py,825,1,,,0,0,0
Mailpile,C:\Users\Zhifei Chen\Desktop\pysmell\subjects_for_metrics\Mailpile\mailpile\plugins\contacts.py,825,1,,,0,0,0
Mailpile,C:\Users\Zhifei Chen\Desktop\pysmell\subjects_for_metrics\Mailpile\mailpile\plugins\contacts.py,844,1,,,0,0,0
Mailpile,C:\Users\Zhifei Chen\Desktop\pysmell\subjects_for_metrics\Mailpile\mailpile\plugins\contacts.py,844,1,,,0,0,0
Mailpile,C:\Users\Zhifei Chen\Desktop\pysmell\subjects_for_metrics\Mailpile\mailpile\plugins\contacts.py,848,1,,,0,0,0
Mailpile,C:\Users\Zhifei Chen\Desktop\pysmell\subjects_for_metrics\Mailpile\mailpile\plugins\contacts.py,863,1,,,0,0,0
Mailpile,C:\Users\Zhifei Chen\Desktop\pysmell\subjects_for_metrics\Mailpile\mailpile\plugins\contacts.py,864,1,,,0,0,0
Mailpile,C:\Users\Zhifei Chen\Desktop\pysmell\subjects_for_metrics\Mailpile\mailpile\plugins\contacts.py,901,1,,,0,0,0
Mailpile,C:\Users\Zhifei Chen\Desktop\pysmell\subjects_for_metrics\Mailpile\mailpile\plugins\contacts.py,931,1,,,0,0,0
Mailpile,C:\Users\Zhifei Chen\Desktop\pysmell\subjects_for_metrics\Mailpile\mailpile\plugins\contacts.py,931,1,,,0,0,0
Mailpile,C:\Users\Zhifei Chen\Desktop\pysmell\subjects_for_metrics\Mailpile\mailpile\plugins\contacts.py,958,1,,,0,0,0
Mailpile,C:\Users\Zhifei Chen\Desktop\pysmell\subjects_for_metrics\Mailpile\mailpile\plugins\contacts.py,964,1,,,0,0,0
Mailpile,C:\Users\Zhifei Chen\Desktop\pysmell\subjects_for_metrics\Mailpile\mailpile\plugins\contacts.py,967,1,,,0,0,0
Mailpile,C:\Users\Zhifei Chen\Desktop\pysmell\subjects_for_metrics\Mailpile\mailpile\plugins\contacts.py,1001,1,,,0,0,0
Mailpile,C:\Users\Zhifei Chen\Desktop\pysmell\subjects_for_metrics\Mailpile\mailpile\plugins\contacts.py,1004,1,,,0,0,0
Mailpile,C:\Users\Zhifei Chen\Desktop\pysmell\subjects_for_metrics\Mailpile\mailpile\plugins\contacts.py,1093,1,,,0,0,0
Mailpile,C:\Users\Zhifei Chen\Desktop\pysmell\subjects_for_metrics\Mailpile\mailpile\plugins\contacts.py,1098,1,,,0,0,0
Mailpile,C:\Users\Zhifei Chen\Desktop\pysmell\subjects_for_metrics\Mailpile\mailpile\plugins\contacts.py,1111,1,,,0,0,0
Mailpile,C:\Users\Zhifei Chen\Desktop\pysmell\subjects_for_metrics\Mailpile\mailpile\plugins\contacts.py,1112,1,,,0,0,0
Mailpile,C:\Users\Zhifei Chen\Desktop\pysmell\subjects_for_metrics\Mailpile\mailpile\plugins\contacts.py,1113,1,,,0,0,0
Mailpile,C:\Users\Zhifei Chen\Desktop\pysmell\subjects_for_metrics\Mailpile\mailpile\plugins\contacts.py,1127,1,,,0,0,0
Mailpile,C:\Users\Zhifei Chen\Desktop\pysmell\subjects_for_metrics\Mailpile\mailpile\plugins\contacts.py,1181,1,,,0,0,0
Mailpile,C:\Users\Zhifei Chen\Desktop\pysmell\subjects_for_metrics\Mailpile\mailpile\plugins\contacts.py,1182,1,,,0,0,0
Mailpile,C:\Users\Zhifei Chen\Desktop\pysmell\subjects_for_metrics\Mailpile\mailpile\plugins\contacts.py,1189,1,,,0,0,0
Mailpile,C:\Users\Zhifei Chen\Desktop\pysmell\subjects_for_metrics\Mailpile\mailpile\plugins\contacts.py,1189,1,,,0,0,0
Mailpile,C:\Users\Zhifei Chen\Desktop\pysmell\subjects_for_metrics\Mailpile\mailpile\plugins\contacts.py,1191,1,,,0,0,0
Mailpile,C:\Users\Zhifei Chen\Desktop\pysmell\subjects_for_metrics\Mailpile\mailpile\plugins\contacts.py,1192,1,,,0,0,0
Mailpile,C:\Users\Zhifei Chen\Desktop\pysmell\subjects_for_metrics\Mailpile\mailpile\plugins\contacts.py,1194,1,,,0,0,0
Mailpile,C:\Users\Zhifei Chen\Desktop\pysmell\subjects_for_metrics\Mailpile\mailpile\plugins\contacts.py,1195,1,,,0,0,0
Mailpile,C:\Users\Zhifei Chen\Desktop\pysmell\subjects_for_metrics\Mailpile\mailpile\plugins\contacts.py,1197,1,,,0,0,0
Mailpile,C:\Users\Zhifei Chen\Desktop\pysmell\subjects_for_metrics\Mailpile\mailpile\plugins\contacts.py,1198,1,,,0,0,0
Mailpile,C:\Users\Zhifei Chen\Desktop\pysmell\subjects_for_metrics\Mailpile\mailpile\plugins\contacts.py,1200,1,,,0,0,0
Mailpile,C:\Users\Zhifei Chen\Desktop\pysmell\subjects_for_metrics\Mailpile\mailpile\plugins\contacts.py,1210,1,,,0,0,0
Mailpile,C:\Users\Zhifei Chen\Desktop\pysmell\subjects_for_metrics\Mailpile\mailpile\plugins\contacts.py,1211,2,,,0,0,0
Mailpile,C:\Users\Zhifei Chen\Desktop\pysmell\subjects_for_metrics\Mailpile\mailpile\plugins\cryptostate.py,25,1,,,0,0,0
Mailpile,C:\Users\Zhifei Chen\Desktop\pysmell\subjects_for_metrics\Mailpile\mailpile\plugins\cryptostate.py,28,1,,,0,0,0
Mailpile,C:\Users\Zhifei Chen\Desktop\pysmell\subjects_for_metrics\Mailpile\mailpile\plugins\cryptostate.py,49,1,,,0,0,0
Mailpile,C:\Users\Zhifei Chen\Desktop\pysmell\subjects_for_metrics\Mailpile\mailpile\plugins\cryptostate.py,72,1,,,0,0,0
Mailpile,C:\Users\Zhifei Chen\Desktop\pysmell\subjects_for_metrics\Mailpile\mailpile\plugins\crypto_gnupg.py,46,1,,,0,0,0
Mailpile,C:\Users\Zhifei Chen\Desktop\pysmell\subjects_for_metrics\Mailpile\mailpile\plugins\crypto_gnupg.py,52,1,,,0,0,0
Mailpile,C:\Users\Zhifei Chen\Desktop\pysmell\subjects_for_metrics\Mailpile\mailpile\plugins\crypto_gnupg.py,66,1,,,0,0,0
Mailpile,C:\Users\Zhifei Chen\Desktop\pysmell\subjects_for_metrics\Mailpile\mailpile\plugins\crypto_gnupg.py,73,1,,,0,0,0
Mailpile,C:\Users\Zhifei Chen\Desktop\pysmell\subjects_for_metrics\Mailpile\mailpile\plugins\crypto_gnupg.py,74,1,,,0,0,0
Mailpile,C:\Users\Zhifei Chen\Desktop\pysmell\subjects_for_metrics\Mailpile\mailpile\plugins\crypto_gnupg.py,78,2,,,0,0,0
Mailpile,C:\Users\Zhifei Chen\Desktop\pysmell\subjects_for_metrics\Mailpile\mailpile\plugins\crypto_gnupg.py,83,1,,,0,0,0
Mailpile,C:\Users\Zhifei Chen\Desktop\pysmell\subjects_for_metrics\Mailpile\mailpile\plugins\crypto_gnupg.py,87,1,,,0,0,0
Mailpile,C:\Users\Zhifei Chen\Desktop\pysmell\subjects_for_metrics\Mailpile\mailpile\plugins\crypto_gnupg.py,91,1,,,0,0,0
Mailpile,C:\Users\Zhifei Chen\Desktop\pysmell\subjects_for_metrics\Mailpile\mailpile\plugins\crypto_gnupg.py,102,1,,,0,0,0
Mailpile,C:\Users\Zhifei Chen\Desktop\pysmell\subjects_for_metrics\Mailpile\mailpile\plugins\crypto_gnupg.py,112,1,,,0,0,0
Mailpile,C:\Users\Zhifei Chen\Desktop\pysmell\subjects_for_metrics\Mailpile\mailpile\plugins\crypto_gnupg.py,157,1,,,0,0,0
Mailpile,C:\Users\Zhifei Chen\Desktop\pysmell\subjects_for_metrics\Mailpile\mailpile\plugins\crypto_gnupg.py,157,1,,,0,0,0
Mailpile,C:\Users\Zhifei Chen\Desktop\pysmell\subjects_for_metrics\Mailpile\mailpile\plugins\crypto_gnupg.py,157,1,,,0,0,0
Mailpile,C:\Users\Zhifei Chen\Desktop\pysmell\subjects_for_metrics\Mailpile\mailpile\plugins\crypto_gnupg.py,227,1,,,0,0,0
Mailpile,C:\Users\Zhifei Chen\Desktop\pysmell\subjects_for_metrics\Mailpile\mailpile\plugins\crypto_gnupg.py,227,1,,,0,0,0
Mailpile,C:\Users\Zhifei Chen\Desktop\pysmell\subjects_for_metrics\Mailpile\mailpile\plugins\crypto_gnupg.py,228,1,,,0,0,0
Mailpile,C:\Users\Zhifei Chen\Desktop\pysmell\subjects_for_metrics\Mailpile\mailpile\plugins\crypto_gnupg.py,228,1,,,0,0,0
Mailpile,C:\Users\Zhifei Chen\Desktop\pysmell\subjects_for_metrics\Mailpile\mailpile\plugins\crypto_gnupg.py,281,2,,,0,0,0
Mailpile,C:\Users\Zhifei Chen\Desktop\pysmell\subjects_for_metrics\Mailpile\mailpile\plugins\crypto_gnupg.py,282,2,,,0,0,0
Mailpile,C:\Users\Zhifei Chen\Desktop\pysmell\subjects_for_metrics\Mailpile\mailpile\plugins\crypto_gnupg.py,283,2,,,0,0,0
Mailpile,C:\Users\Zhifei Chen\Desktop\pysmell\subjects_for_metrics\Mailpile\mailpile\plugins\crypto_gnupg.py,289,2,,,0,0,0
Mailpile,C:\Users\Zhifei Chen\Desktop\pysmell\subjects_for_metrics\Mailpile\mailpile\plugins\crypto_gnupg.py,300,1,,,0,0,0
Mailpile,C:\Users\Zhifei Chen\Desktop\pysmell\subjects_for_metrics\Mailpile\mailpile\plugins\crypto_gnupg.py,302,1,,,0,0,0
Mailpile,C:\Users\Zhifei Chen\Desktop\pysmell\subjects_for_metrics\Mailpile\mailpile\plugins\crypto_gnupg.py,303,1,,,0,0,0
Mailpile,C:\Users\Zhifei Chen\Desktop\pysmell\subjects_for_metrics\Mailpile\mailpile\plugins\crypto_gnupg.py,325,1,,,0,0,0
Mailpile,C:\Users\Zhifei Chen\Desktop\pysmell\subjects_for_metrics\Mailpile\mailpile\plugins\crypto_gnupg.py,364,1,,,0,0,0
Mailpile,C:\Users\Zhifei Chen\Desktop\pysmell\subjects_for_metrics\Mailpile\mailpile\plugins\crypto_gnupg.py,365,1,,,0,0,0
Mailpile,C:\Users\Zhifei Chen\Desktop\pysmell\subjects_for_metrics\Mailpile\mailpile\plugins\crypto_gnupg.py,366,1,,,0,0,0
Mailpile,C:\Users\Zhifei Chen\Desktop\pysmell\subjects_for_metrics\Mailpile\mailpile\plugins\crypto_gnupg.py,367,1,,,0,0,0
Mailpile,C:\Users\Zhifei Chen\Desktop\pysmell\subjects_for_metrics\Mailpile\mailpile\plugins\crypto_gnupg.py,373,1,,,0,0,0
Mailpile,C:\Users\Zhifei Chen\Desktop\pysmell\subjects_for_metrics\Mailpile\mailpile\plugins\crypto_gnupg.py,422,1,,,0,0,0
Mailpile,C:\Users\Zhifei Chen\Desktop\pysmell\subjects_for_metrics\Mailpile\mailpile\plugins\crypto_gnupg.py,422,1,,,0,0,0
Mailpile,C:\Users\Zhifei Chen\Desktop\pysmell\subjects_for_metrics\Mailpile\mailpile\plugins\crypto_gnupg.py,429,1,,,0,0,0
Mailpile,C:\Users\Zhifei Chen\Desktop\pysmell\subjects_for_metrics\Mailpile\mailpile\plugins\crypto_gnupg.py,441,1,,,0,0,0
Mailpile,C:\Users\Zhifei Chen\Desktop\pysmell\subjects_for_metrics\Mailpile\mailpile\plugins\crypto_gnupg.py,494,1,,,0,0,0
Mailpile,C:\Users\Zhifei Chen\Desktop\pysmell\subjects_for_metrics\Mailpile\mailpile\plugins\crypto_gnupg.py,495,1,,,0,0,0
Mailpile,C:\Users\Zhifei Chen\Desktop\pysmell\subjects_for_metrics\Mailpile\mailpile\plugins\crypto_gnupg.py,497,1,,,0,0,0
Mailpile,C:\Users\Zhifei Chen\Desktop\pysmell\subjects_for_metrics\Mailpile\mailpile\plugins\crypto_gnupg.py,498,1,,,0,0,0
Mailpile,C:\Users\Zhifei Chen\Desktop\pysmell\subjects_for_metrics\Mailpile\mailpile\plugins\crypto_gnupg.py,500,1,,,0,0,0
Mailpile,C:\Users\Zhifei Chen\Desktop\pysmell\subjects_for_metrics\Mailpile\mailpile\plugins\crypto_gnupg.py,504,1,,,0,0,0
Mailpile,C:\Users\Zhifei Chen\Desktop\pysmell\subjects_for_metrics\Mailpile\mailpile\plugins\crypto_gnupg.py,506,1,,,0,0,0
Mailpile,C:\Users\Zhifei Chen\Desktop\pysmell\subjects_for_metrics\Mailpile\mailpile\plugins\crypto_gnupg.py,508,1,,,0,0,0
Mailpile,C:\Users\Zhifei Chen\Desktop\pysmell\subjects_for_metrics\Mailpile\mailpile\plugins\crypto_gnupg.py,511,1,,,0,0,0
Mailpile,C:\Users\Zhifei Chen\Desktop\pysmell\subjects_for_metrics\Mailpile\mailpile\plugins\crypto_gnupg.py,512,1,,,0,0,0
Mailpile,C:\Users\Zhifei Chen\Desktop\pysmell\subjects_for_metrics\Mailpile\mailpile\plugins\crypto_gnupg.py,513,1,,,0,0,0
Mailpile,C:\Users\Zhifei Chen\Desktop\pysmell\subjects_for_metrics\Mailpile\mailpile\plugins\crypto_gnupg.py,514,1,,,0,0,0
Mailpile,C:\Users\Zhifei Chen\Desktop\pysmell\subjects_for_metrics\Mailpile\mailpile\plugins\crypto_gnupg.py,515,1,,,0,0,0
Mailpile,C:\Users\Zhifei Chen\Desktop\pysmell\subjects_for_metrics\Mailpile\mailpile\plugins\crypto_gnupg.py,517,1,,,0,0,0
Mailpile,C:\Users\Zhifei Chen\Desktop\pysmell\subjects_for_metrics\Mailpile\mailpile\plugins\crypto_gnupg.py,519,1,,,0,0,0
Mailpile,C:\Users\Zhifei Chen\Desktop\pysmell\subjects_for_metrics\Mailpile\mailpile\plugins\crypto_gnupg.py,519,1,,,0,0,0
Mailpile,C:\Users\Zhifei Chen\Desktop\pysmell\subjects_for_metrics\Mailpile\mailpile\plugins\crypto_gnupg.py,521,1,,,0,0,0
Mailpile,C:\Users\Zhifei Chen\Desktop\pysmell\subjects_for_metrics\Mailpile\mailpile\plugins\crypto_gnupg.py,522,1,,,0,0,0
Mailpile,C:\Users\Zhifei Chen\Desktop\pysmell\subjects_for_metrics\Mailpile\mailpile\plugins\crypto_gnupg.py,525,1,,,0,0,0
Mailpile,C:\Users\Zhifei Chen\Desktop\pysmell\subjects_for_metrics\Mailpile\mailpile\plugins\crypto_gnupg.py,532,1,,,0,0,0
Mailpile,C:\Users\Zhifei Chen\Desktop\pysmell\subjects_for_metrics\Mailpile\mailpile\plugins\crypto_gnupg.py,548,1,,,0,0,0
Mailpile,C:\Users\Zhifei Chen\Desktop\pysmell\subjects_for_metrics\Mailpile\mailpile\plugins\crypto_gnupg.py,565,1,,,0,0,0
Mailpile,C:\Users\Zhifei Chen\Desktop\pysmell\subjects_for_metrics\Mailpile\mailpile\plugins\crypto_gnupg.py,567,1,,,0,0,0
Mailpile,C:\Users\Zhifei Chen\Desktop\pysmell\subjects_for_metrics\Mailpile\mailpile\plugins\crypto_gnupg.py,568,1,,,0,0,0
Mailpile,C:\Users\Zhifei Chen\Desktop\pysmell\subjects_for_metrics\Mailpile\mailpile\plugins\crypto_gnupg.py,574,1,,,0,0,0
Mailpile,C:\Users\Zhifei Chen\Desktop\pysmell\subjects_for_metrics\Mailpile\mailpile\plugins\crypto_gnupg.py,580,1,,,0,0,0
Mailpile,C:\Users\Zhifei Chen\Desktop\pysmell\subjects_for_metrics\Mailpile\mailpile\plugins\crypto_policy.py,55,2,,,0,0,0
Mailpile,C:\Users\Zhifei Chen\Desktop\pysmell\subjects_for_metrics\Mailpile\mailpile\plugins\crypto_policy.py,56,2,,,0,0,0
Mailpile,C:\Users\Zhifei Chen\Desktop\pysmell\subjects_for_metrics\Mailpile\mailpile\plugins\crypto_policy.py,61,1,,,0,0,0
Mailpile,C:\Users\Zhifei Chen\Desktop\pysmell\subjects_for_metrics\Mailpile\mailpile\plugins\crypto_policy.py,62,1,,,0,0,0
Mailpile,C:\Users\Zhifei Chen\Desktop\pysmell\subjects_for_metrics\Mailpile\mailpile\plugins\crypto_policy.py,120,1,,,0,0,0
Mailpile,C:\Users\Zhifei Chen\Desktop\pysmell\subjects_for_metrics\Mailpile\mailpile\plugins\crypto_policy.py,129,1,,,0,0,0
Mailpile,C:\Users\Zhifei Chen\Desktop\pysmell\subjects_for_metrics\Mailpile\mailpile\plugins\crypto_policy.py,130,1,,,0,0,0
Mailpile,C:\Users\Zhifei Chen\Desktop\pysmell\subjects_for_metrics\Mailpile\mailpile\plugins\crypto_policy.py,130,1,,,0,0,0
Mailpile,C:\Users\Zhifei Chen\Desktop\pysmell\subjects_for_metrics\Mailpile\mailpile\plugins\crypto_policy.py,130,1,,,0,0,0
Mailpile,C:\Users\Zhifei Chen\Desktop\pysmell\subjects_for_metrics\Mailpile\mailpile\plugins\crypto_policy.py,130,1,,,0,0,0
Mailpile,C:\Users\Zhifei Chen\Desktop\pysmell\subjects_for_metrics\Mailpile\mailpile\plugins\crypto_policy.py,130,1,,,0,0,0
Mailpile,C:\Users\Zhifei Chen\Desktop\pysmell\subjects_for_metrics\Mailpile\mailpile\plugins\crypto_policy.py,136,1,,,0,0,0
Mailpile,C:\Users\Zhifei Chen\Desktop\pysmell\subjects_for_metrics\Mailpile\mailpile\plugins\crypto_policy.py,138,1,,,0,0,0
Mailpile,C:\Users\Zhifei Chen\Desktop\pysmell\subjects_for_metrics\Mailpile\mailpile\plugins\crypto_policy.py,139,1,,,0,0,0
Mailpile,C:\Users\Zhifei Chen\Desktop\pysmell\subjects_for_metrics\Mailpile\mailpile\plugins\crypto_policy.py,160,1,,,0,0,0
Mailpile,C:\Users\Zhifei Chen\Desktop\pysmell\subjects_for_metrics\Mailpile\mailpile\plugins\crypto_policy.py,161,1,,,0,0,0
Mailpile,C:\Users\Zhifei Chen\Desktop\pysmell\subjects_for_metrics\Mailpile\mailpile\plugins\crypto_policy.py,213,1,,,0,0,0
Mailpile,C:\Users\Zhifei Chen\Desktop\pysmell\subjects_for_metrics\Mailpile\mailpile\plugins\crypto_policy.py,232,1,,,0,0,0
Mailpile,C:\Users\Zhifei Chen\Desktop\pysmell\subjects_for_metrics\Mailpile\mailpile\plugins\dates.py,31,1,,,0,0,0
Mailpile,C:\Users\Zhifei Chen\Desktop\pysmell\subjects_for_metrics\Mailpile\mailpile\plugins\dates.py,32,1,,,0,0,0
Mailpile,C:\Users\Zhifei Chen\Desktop\pysmell\subjects_for_metrics\Mailpile\mailpile\plugins\dates.py,33,1,,,0,0,0
Mailpile,C:\Users\Zhifei Chen\Desktop\pysmell\subjects_for_metrics\Mailpile\mailpile\plugins\dates.py,34,1,,,0,0,0
Mailpile,C:\Users\Zhifei Chen\Desktop\pysmell\subjects_for_metrics\Mailpile\mailpile\plugins\dates.py,35,1,,,0,0,0
Mailpile,C:\Users\Zhifei Chen\Desktop\pysmell\subjects_for_metrics\Mailpile\mailpile\plugins\dates.py,36,1,,,0,0,0
Mailpile,C:\Users\Zhifei Chen\Desktop\pysmell\subjects_for_metrics\Mailpile\mailpile\plugins\eventlog.py,49,1,,,0,0,0
Mailpile,C:\Users\Zhifei Chen\Desktop\pysmell\subjects_for_metrics\Mailpile\mailpile\plugins\eventlog.py,51,1,,,0,0,0
Mailpile,C:\Users\Zhifei Chen\Desktop\pysmell\subjects_for_metrics\Mailpile\mailpile\plugins\eventlog.py,52,1,,,0,0,0
Mailpile,C:\Users\Zhifei Chen\Desktop\pysmell\subjects_for_metrics\Mailpile\mailpile\plugins\eventlog.py,63,1,,,0,0,0
Mailpile,C:\Users\Zhifei Chen\Desktop\pysmell\subjects_for_metrics\Mailpile\mailpile\plugins\eventlog.py,73,1,,,0,0,0
Mailpile,C:\Users\Zhifei Chen\Desktop\pysmell\subjects_for_metrics\Mailpile\mailpile\plugins\eventlog.py,73,1,,,0,0,0
Mailpile,C:\Users\Zhifei Chen\Desktop\pysmell\subjects_for_metrics\Mailpile\mailpile\plugins\eventlog.py,75,1,,,0,0,0
Mailpile,C:\Users\Zhifei Chen\Desktop\pysmell\subjects_for_metrics\Mailpile\mailpile\plugins\eventlog.py,78,2,,,0,0,0
Mailpile,C:\Users\Zhifei Chen\Desktop\pysmell\subjects_for_metrics\Mailpile\mailpile\plugins\eventlog.py,80,1,,,0,0,0
Mailpile,C:\Users\Zhifei Chen\Desktop\pysmell\subjects_for_metrics\Mailpile\mailpile\plugins\eventlog.py,86,2,,,0,0,0
Mailpile,C:\Users\Zhifei Chen\Desktop\pysmell\subjects_for_metrics\Mailpile\mailpile\plugins\eventlog.py,87,1,,,0,0,0
Mailpile,C:\Users\Zhifei Chen\Desktop\pysmell\subjects_for_metrics\Mailpile\mailpile\plugins\eventlog.py,87,2,,,0,0,0
Mailpile,C:\Users\Zhifei Chen\Desktop\pysmell\subjects_for_metrics\Mailpile\mailpile\plugins\eventlog.py,93,1,,,0,0,0
Mailpile,C:\Users\Zhifei Chen\Desktop\pysmell\subjects_for_metrics\Mailpile\mailpile\plugins\eventlog.py,94,1,,,0,0,0
Mailpile,C:\Users\Zhifei Chen\Desktop\pysmell\subjects_for_metrics\Mailpile\mailpile\plugins\eventlog.py,95,1,,,0,0,0
Mailpile,C:\Users\Zhifei Chen\Desktop\pysmell\subjects_for_metrics\Mailpile\mailpile\plugins\eventlog.py,95,1,,,0,0,0
Mailpile,C:\Users\Zhifei Chen\Desktop\pysmell\subjects_for_metrics\Mailpile\mailpile\plugins\eventlog.py,112,1,,,0,0,0
Mailpile,C:\Users\Zhifei Chen\Desktop\pysmell\subjects_for_metrics\Mailpile\mailpile\plugins\eventlog.py,114,1,,,0,0,0
Mailpile,C:\Users\Zhifei Chen\Desktop\pysmell\subjects_for_metrics\Mailpile\mailpile\plugins\eventlog.py,166,1,,,0,0,0
Mailpile,C:\Users\Zhifei Chen\Desktop\pysmell\subjects_for_metrics\Mailpile\mailpile\plugins\eventlog.py,167,1,,,0,0,0
Mailpile,C:\Users\Zhifei Chen\Desktop\pysmell\subjects_for_metrics\Mailpile\mailpile\plugins\exporters.py,15,1,,,0,0,0
Mailpile,C:\Users\Zhifei Chen\Desktop\pysmell\subjects_for_metrics\Mailpile\mailpile\plugins\exporters.py,22,,2,1,0,0,0
Mailpile,C:\Users\Zhifei Chen\Desktop\pysmell\subjects_for_metrics\Mailpile\mailpile\plugins\exporters.py,55,1,,,0,0,0
Mailpile,C:\Users\Zhifei Chen\Desktop\pysmell\subjects_for_metrics\Mailpile\mailpile\plugins\exporters.py,61,2,,,0,0,0
Mailpile,C:\Users\Zhifei Chen\Desktop\pysmell\subjects_for_metrics\Mailpile\mailpile\plugins\exporters.py,80,1,,,0,0,0
Mailpile,C:\Users\Zhifei Chen\Desktop\pysmell\subjects_for_metrics\Mailpile\mailpile\plugins\exporters.py,81,1,,,0,0,0
Mailpile,C:\Users\Zhifei Chen\Desktop\pysmell\subjects_for_metrics\Mailpile\mailpile\plugins\exporters.py,81,1,,,0,0,0
Mailpile,C:\Users\Zhifei Chen\Desktop\pysmell\subjects_for_metrics\Mailpile\mailpile\plugins\exporters.py,119,1,,,0,0,0
Mailpile,C:\Users\Zhifei Chen\Desktop\pysmell\subjects_for_metrics\Mailpile\mailpile\plugins\exporters.py,129,1,,,0,0,0
Mailpile,C:\Users\Zhifei Chen\Desktop\pysmell\subjects_for_metrics\Mailpile\mailpile\plugins\exporters.py,139,1,,,0,0,0
Mailpile,C:\Users\Zhifei Chen\Desktop\pysmell\subjects_for_metrics\Mailpile\mailpile\plugins\groups.py,15,1,,,0,0,0
Mailpile,C:\Users\Zhifei Chen\Desktop\pysmell\subjects_for_metrics\Mailpile\mailpile\plugins\groups.py,16,,2,1,0,0,0
Mailpile,C:\Users\Zhifei Chen\Desktop\pysmell\subjects_for_metrics\Mailpile\mailpile\plugins\groups.py,21,1,,,0,0,0
Mailpile,C:\Users\Zhifei Chen\Desktop\pysmell\subjects_for_metrics\Mailpile\mailpile\plugins\groups.py,47,1,,,0,0,0
Mailpile,C:\Users\Zhifei Chen\Desktop\pysmell\subjects_for_metrics\Mailpile\mailpile\plugins\html_magic.py,57,,2,1,0,0,0
Mailpile,C:\Users\Zhifei Chen\Desktop\pysmell\subjects_for_metrics\Mailpile\mailpile\plugins\html_magic.py,71,1,,,0,0,0
Mailpile,C:\Users\Zhifei Chen\Desktop\pysmell\subjects_for_metrics\Mailpile\mailpile\plugins\html_magic.py,75,1,,,0,0,0
Mailpile,C:\Users\Zhifei Chen\Desktop\pysmell\subjects_for_metrics\Mailpile\mailpile\plugins\html_magic.py,77,1,,,0,0,0
Mailpile,C:\Users\Zhifei Chen\Desktop\pysmell\subjects_for_metrics\Mailpile\mailpile\plugins\html_magic.py,79,1,,,0,0,0
Mailpile,C:\Users\Zhifei Chen\Desktop\pysmell\subjects_for_metrics\Mailpile\mailpile\plugins\html_magic.py,80,1,,,0,0,0
Mailpile,C:\Users\Zhifei Chen\Desktop\pysmell\subjects_for_metrics\Mailpile\mailpile\plugins\migrate.py,23,1,,,0,0,0
Mailpile,C:\Users\Zhifei Chen\Desktop\pysmell\subjects_for_metrics\Mailpile\mailpile\plugins\migrate.py,25,1,,,0,0,0
Mailpile,C:\Users\Zhifei Chen\Desktop\pysmell\subjects_for_metrics\Mailpile\mailpile\plugins\migrate.py,35,1,,,0,0,0
Mailpile,C:\Users\Zhifei Chen\Desktop\pysmell\subjects_for_metrics\Mailpile\mailpile\plugins\migrate.py,35,1,,,0,0,0
Mailpile,C:\Users\Zhifei Chen\Desktop\pysmell\subjects_for_metrics\Mailpile\mailpile\plugins\migrate.py,36,1,,,0,0,0
Mailpile,C:\Users\Zhifei Chen\Desktop\pysmell\subjects_for_metrics\Mailpile\mailpile\plugins\migrate.py,37,1,,,0,0,0
Mailpile,C:\Users\Zhifei Chen\Desktop\pysmell\subjects_for_metrics\Mailpile\mailpile\plugins\migrate.py,38,1,,,0,0,0
Mailpile,C:\Users\Zhifei Chen\Desktop\pysmell\subjects_for_metrics\Mailpile\mailpile\plugins\migrate.py,39,1,,,0,0,0
Mailpile,C:\Users\Zhifei Chen\Desktop\pysmell\subjects_for_metrics\Mailpile\mailpile\plugins\migrate.py,40,1,,,0,0,0
Mailpile,C:\Users\Zhifei Chen\Desktop\pysmell\subjects_for_metrics\Mailpile\mailpile\plugins\migrate.py,49,1,,,0,0,0
Mailpile,C:\Users\Zhifei Chen\Desktop\pysmell\subjects_for_metrics\Mailpile\mailpile\plugins\migrate.py,55,1,,,0,0,0
Mailpile,C:\Users\Zhifei Chen\Desktop\pysmell\subjects_for_metrics\Mailpile\mailpile\plugins\migrate.py,68,1,,,0,0,0
Mailpile,C:\Users\Zhifei Chen\Desktop\pysmell\subjects_for_metrics\Mailpile\mailpile\plugins\migrate.py,103,1,,,0,0,0
Mailpile,C:\Users\Zhifei Chen\Desktop\pysmell\subjects_for_metrics\Mailpile\mailpile\plugins\migrate.py,133,,2,1,0,0,0
Mailpile,C:\Users\Zhifei Chen\Desktop\pysmell\subjects_for_metrics\Mailpile\mailpile\plugins\migrate.py,138,1,,,0,0,0
Mailpile,C:\Users\Zhifei Chen\Desktop\pysmell\subjects_for_metrics\Mailpile\mailpile\plugins\migrate.py,142,1,,,0,0,0
Mailpile,C:\Users\Zhifei Chen\Desktop\pysmell\subjects_for_metrics\Mailpile\mailpile\plugins\migrate.py,143,1,,,0,0,0
Mailpile,C:\Users\Zhifei Chen\Desktop\pysmell\subjects_for_metrics\Mailpile\mailpile\plugins\migrate.py,144,1,,,0,0,0
Mailpile,C:\Users\Zhifei Chen\Desktop\pysmell\subjects_for_metrics\Mailpile\mailpile\plugins\migrate.py,145,1,,,0,0,0
Mailpile,C:\Users\Zhifei Chen\Desktop\pysmell\subjects_for_metrics\Mailpile\mailpile\plugins\migrate.py,145,1,,,0,0,0
Mailpile,C:\Users\Zhifei Chen\Desktop\pysmell\subjects_for_metrics\Mailpile\mailpile\plugins\migrate.py,146,1,,,0,0,0
Mailpile,C:\Users\Zhifei Chen\Desktop\pysmell\subjects_for_metrics\Mailpile\mailpile\plugins\migrate.py,149,1,,,0,0,0
Mailpile,C:\Users\Zhifei Chen\Desktop\pysmell\subjects_for_metrics\Mailpile\mailpile\plugins\migrate.py,216,1,,,0,0,0
Mailpile,C:\Users\Zhifei Chen\Desktop\pysmell\subjects_for_metrics\Mailpile\mailpile\plugins\plugins.py,23,,2,1,0,0,0
Mailpile,C:\Users\Zhifei Chen\Desktop\pysmell\subjects_for_metrics\Mailpile\mailpile\plugins\plugins.py,30,2,,,0,0,0
Mailpile,C:\Users\Zhifei Chen\Desktop\pysmell\subjects_for_metrics\Mailpile\mailpile\plugins\plugins.py,30,2,,,0,0,0
Mailpile,C:\Users\Zhifei Chen\Desktop\pysmell\subjects_for_metrics\Mailpile\mailpile\plugins\search.py,89,1,,,0,0,0
Mailpile,C:\Users\Zhifei Chen\Desktop\pysmell\subjects_for_metrics\Mailpile\mailpile\plugins\search.py,94,1,,,0,0,0
Mailpile,C:\Users\Zhifei Chen\Desktop\pysmell\subjects_for_metrics\Mailpile\mailpile\plugins\search.py,94,1,,,0,0,0
Mailpile,C:\Users\Zhifei Chen\Desktop\pysmell\subjects_for_metrics\Mailpile\mailpile\plugins\search.py,95,1,,,0,0,0
Mailpile,C:\Users\Zhifei Chen\Desktop\pysmell\subjects_for_metrics\Mailpile\mailpile\plugins\search.py,121,1,,,0,0,0
Mailpile,C:\Users\Zhifei Chen\Desktop\pysmell\subjects_for_metrics\Mailpile\mailpile\plugins\search.py,122,1,,,0,0,0
Mailpile,C:\Users\Zhifei Chen\Desktop\pysmell\subjects_for_metrics\Mailpile\mailpile\plugins\search.py,124,1,,,0,0,0
Mailpile,C:\Users\Zhifei Chen\Desktop\pysmell\subjects_for_metrics\Mailpile\mailpile\plugins\search.py,127,1,,,0,0,0
Mailpile,C:\Users\Zhifei Chen\Desktop\pysmell\subjects_for_metrics\Mailpile\mailpile\plugins\search.py,129,1,,,0,0,0
Mailpile,C:\Users\Zhifei Chen\Desktop\pysmell\subjects_for_metrics\Mailpile\mailpile\plugins\search.py,132,1,,,0,0,0
Mailpile,C:\Users\Zhifei Chen\Desktop\pysmell\subjects_for_metrics\Mailpile\mailpile\plugins\search.py,133,1,,,0,0,0
Mailpile,C:\Users\Zhifei Chen\Desktop\pysmell\subjects_for_metrics\Mailpile\mailpile\plugins\search.py,142,,2,1,0,0,0
Mailpile,C:\Users\Zhifei Chen\Desktop\pysmell\subjects_for_metrics\Mailpile\mailpile\plugins\search.py,150,1,,,0,0,0
Mailpile,C:\Users\Zhifei Chen\Desktop\pysmell\subjects_for_metrics\Mailpile\mailpile\plugins\search.py,162,1,,,0,0,0
Mailpile,C:\Users\Zhifei Chen\Desktop\pysmell\subjects_for_metrics\Mailpile\mailpile\plugins\search.py,185,1,,,0,0,0
Mailpile,C:\Users\Zhifei Chen\Desktop\pysmell\subjects_for_metrics\Mailpile\mailpile\plugins\search.py,188,1,,,0,0,0
Mailpile,C:\Users\Zhifei Chen\Desktop\pysmell\subjects_for_metrics\Mailpile\mailpile\plugins\search.py,189,1,,,0,0,0
Mailpile,C:\Users\Zhifei Chen\Desktop\pysmell\subjects_for_metrics\Mailpile\mailpile\plugins\search.py,190,1,,,0,0,0
Mailpile,C:\Users\Zhifei Chen\Desktop\pysmell\subjects_for_metrics\Mailpile\mailpile\plugins\search.py,266,1,,,0,0,0
Mailpile,C:\Users\Zhifei Chen\Desktop\pysmell\subjects_for_metrics\Mailpile\mailpile\plugins\search.py,320,1,,,0,0,0
Mailpile,C:\Users\Zhifei Chen\Desktop\pysmell\subjects_for_metrics\Mailpile\mailpile\plugins\search.py,347,1,,,0,0,0
Mailpile,C:\Users\Zhifei Chen\Desktop\pysmell\subjects_for_metrics\Mailpile\mailpile\plugins\search.py,357,1,,,0,0,0
Mailpile,C:\Users\Zhifei Chen\Desktop\pysmell\subjects_for_metrics\Mailpile\mailpile\plugins\search.py,364,1,,,0,0,0
Mailpile,C:\Users\Zhifei Chen\Desktop\pysmell\subjects_for_metrics\Mailpile\mailpile\plugins\search.py,388,1,,,0,0,0
Mailpile,C:\Users\Zhifei Chen\Desktop\pysmell\subjects_for_metrics\Mailpile\mailpile\plugins\search.py,388,1,,,0,0,0
Mailpile,C:\Users\Zhifei Chen\Desktop\pysmell\subjects_for_metrics\Mailpile\mailpile\plugins\search.py,407,1,,,0,0,0
Mailpile,C:\Users\Zhifei Chen\Desktop\pysmell\subjects_for_metrics\Mailpile\mailpile\plugins\search.py,410,1,,,0,0,0
Mailpile,C:\Users\Zhifei Chen\Desktop\pysmell\subjects_for_metrics\Mailpile\mailpile\plugins\search.py,415,1,,,0,0,0
Mailpile,C:\Users\Zhifei Chen\Desktop\pysmell\subjects_for_metrics\Mailpile\mailpile\plugins\search.py,417,1,,,0,0,0
Mailpile,C:\Users\Zhifei Chen\Desktop\pysmell\subjects_for_metrics\Mailpile\mailpile\plugins\search.py,418,1,,,0,0,0
Mailpile,C:\Users\Zhifei Chen\Desktop\pysmell\subjects_for_metrics\Mailpile\mailpile\plugins\search.py,419,1,,,0,0,0
Mailpile,C:\Users\Zhifei Chen\Desktop\pysmell\subjects_for_metrics\Mailpile\mailpile\plugins\search.py,427,1,,,0,0,0
Mailpile,C:\Users\Zhifei Chen\Desktop\pysmell\subjects_for_metrics\Mailpile\mailpile\plugins\search.py,429,1,,,0,0,0
Mailpile,C:\Users\Zhifei Chen\Desktop\pysmell\subjects_for_metrics\Mailpile\mailpile\plugins\search.py,429,1,,,0,0,0
Mailpile,C:\Users\Zhifei Chen\Desktop\pysmell\subjects_for_metrics\Mailpile\mailpile\plugins\search.py,430,1,,,0,0,0
Mailpile,C:\Users\Zhifei Chen\Desktop\pysmell\subjects_for_metrics\Mailpile\mailpile\plugins\search.py,430,1,,,0,0,0
Mailpile,C:\Users\Zhifei Chen\Desktop\pysmell\subjects_for_metrics\Mailpile\mailpile\plugins\search.py,438,1,,,0,0,0
Mailpile,C:\Users\Zhifei Chen\Desktop\pysmell\subjects_for_metrics\Mailpile\mailpile\plugins\search.py,440,1,,,0,0,0
Mailpile,C:\Users\Zhifei Chen\Desktop\pysmell\subjects_for_metrics\Mailpile\mailpile\plugins\search.py,451,1,,,0,0,0
Mailpile,C:\Users\Zhifei Chen\Desktop\pysmell\subjects_for_metrics\Mailpile\mailpile\plugins\search.py,459,1,,,0,0,0
Mailpile,C:\Users\Zhifei Chen\Desktop\pysmell\subjects_for_metrics\Mailpile\mailpile\plugins\setup_magic.py,48,,3,1,0,0,0
Mailpile,C:\Users\Zhifei Chen\Desktop\pysmell\subjects_for_metrics\Mailpile\mailpile\plugins\setup_magic.py,207,1,,,0,0,0
Mailpile,C:\Users\Zhifei Chen\Desktop\pysmell\subjects_for_metrics\Mailpile\mailpile\plugins\setup_magic.py,226,1,,,0,0,0
Mailpile,C:\Users\Zhifei Chen\Desktop\pysmell\subjects_for_metrics\Mailpile\mailpile\plugins\setup_magic.py,229,1,,,0,0,0
Mailpile,C:\Users\Zhifei Chen\Desktop\pysmell\subjects_for_metrics\Mailpile\mailpile\plugins\setup_magic.py,232,,2,1,0,0,0
Mailpile,C:\Users\Zhifei Chen\Desktop\pysmell\subjects_for_metrics\Mailpile\mailpile\plugins\setup_magic.py,295,1,,,0,0,0
Mailpile,C:\Users\Zhifei Chen\Desktop\pysmell\subjects_for_metrics\Mailpile\mailpile\plugins\setup_magic.py,295,1,,,0,0,0
Mailpile,C:\Users\Zhifei Chen\Desktop\pysmell\subjects_for_metrics\Mailpile\mailpile\plugins\setup_magic.py,363,1,,,0,0,0
Mailpile,C:\Users\Zhifei Chen\Desktop\pysmell\subjects_for_metrics\Mailpile\mailpile\plugins\setup_magic.py,370,1,,,0,0,0
Mailpile,C:\Users\Zhifei Chen\Desktop\pysmell\subjects_for_metrics\Mailpile\mailpile\plugins\setup_magic.py,371,1,,,0,0,0
Mailpile,C:\Users\Zhifei Chen\Desktop\pysmell\subjects_for_metrics\Mailpile\mailpile\plugins\setup_magic.py,382,1,,,0,0,0
Mailpile,C:\Users\Zhifei Chen\Desktop\pysmell\subjects_for_metrics\Mailpile\mailpile\plugins\setup_magic.py,394,1,,,0,0,0
Mailpile,C:\Users\Zhifei Chen\Desktop\pysmell\subjects_for_metrics\Mailpile\mailpile\plugins\setup_magic.py,395,1,,,0,0,0
Mailpile,C:\Users\Zhifei Chen\Desktop\pysmell\subjects_for_metrics\Mailpile\mailpile\plugins\setup_magic.py,395,1,,,0,0,0
Mailpile,C:\Users\Zhifei Chen\Desktop\pysmell\subjects_for_metrics\Mailpile\mailpile\plugins\setup_magic.py,439,1,,,0,0,0
Mailpile,C:\Users\Zhifei Chen\Desktop\pysmell\subjects_for_metrics\Mailpile\mailpile\plugins\setup_magic.py,441,1,,,0,0,0
Mailpile,C:\Users\Zhifei Chen\Desktop\pysmell\subjects_for_metrics\Mailpile\mailpile\plugins\setup_magic.py,441,,2,1,0,0,0
Mailpile,C:\Users\Zhifei Chen\Desktop\pysmell\subjects_for_metrics\Mailpile\mailpile\plugins\setup_magic.py,450,2,,,0,0,0
Mailpile,C:\Users\Zhifei Chen\Desktop\pysmell\subjects_for_metrics\Mailpile\mailpile\plugins\setup_magic.py,464,1,,,0,0,0
Mailpile,C:\Users\Zhifei Chen\Desktop\pysmell\subjects_for_metrics\Mailpile\mailpile\plugins\setup_magic.py,493,,2,1,0,0,0
Mailpile,C:\Users\Zhifei Chen\Desktop\pysmell\subjects_for_metrics\Mailpile\mailpile\plugins\setup_magic.py,507,1,,,0,0,0
Mailpile,C:\Users\Zhifei Chen\Desktop\pysmell\subjects_for_metrics\Mailpile\mailpile\plugins\setup_magic.py,509,1,,,0,0,0
Mailpile,C:\Users\Zhifei Chen\Desktop\pysmell\subjects_for_metrics\Mailpile\mailpile\plugins\setup_magic.py,510,1,,,0,0,0
Mailpile,C:\Users\Zhifei Chen\Desktop\pysmell\subjects_for_metrics\Mailpile\mailpile\plugins\setup_magic.py,577,1,,,0,0,0
Mailpile,C:\Users\Zhifei Chen\Desktop\pysmell\subjects_for_metrics\Mailpile\mailpile\plugins\setup_magic.py,619,,2,1,0,0,0
Mailpile,C:\Users\Zhifei Chen\Desktop\pysmell\subjects_for_metrics\Mailpile\mailpile\plugins\setup_magic.py,625,,3,1,0,0,0
Mailpile,C:\Users\Zhifei Chen\Desktop\pysmell\subjects_for_metrics\Mailpile\mailpile\plugins\setup_magic.py,687,,2,1,0,0,0
Mailpile,C:\Users\Zhifei Chen\Desktop\pysmell\subjects_for_metrics\Mailpile\mailpile\plugins\setup_magic.py,689,,2,1,0,0,0
Mailpile,C:\Users\Zhifei Chen\Desktop\pysmell\subjects_for_metrics\Mailpile\mailpile\plugins\setup_magic.py,697,1,,,0,0,0
Mailpile,C:\Users\Zhifei Chen\Desktop\pysmell\subjects_for_metrics\Mailpile\mailpile\plugins\setup_magic.py,700,1,,,0,0,0
Mailpile,C:\Users\Zhifei Chen\Desktop\pysmell\subjects_for_metrics\Mailpile\mailpile\plugins\setup_magic.py,725,1,,,0,0,0
Mailpile,C:\Users\Zhifei Chen\Desktop\pysmell\subjects_for_metrics\Mailpile\mailpile\plugins\setup_magic.py,757,1,,,0,0,0
Mailpile,C:\Users\Zhifei Chen\Desktop\pysmell\subjects_for_metrics\Mailpile\mailpile\plugins\setup_magic.py,768,1,,,0,0,0
Mailpile,C:\Users\Zhifei Chen\Desktop\pysmell\subjects_for_metrics\Mailpile\mailpile\plugins\setup_magic.py,773,1,,,0,0,0
Mailpile,C:\Users\Zhifei Chen\Desktop\pysmell\subjects_for_metrics\Mailpile\mailpile\plugins\setup_magic.py,779,3,,,1,1,1
Mailpile,C:\Users\Zhifei Chen\Desktop\pysmell\subjects_for_metrics\Mailpile\mailpile\plugins\setup_magic.py,788,1,,,0,0,0
Mailpile,C:\Users\Zhifei Chen\Desktop\pysmell\subjects_for_metrics\Mailpile\mailpile\plugins\setup_magic.py,789,1,,,0,0,0
Mailpile,C:\Users\Zhifei Chen\Desktop\pysmell\subjects_for_metrics\Mailpile\mailpile\plugins\setup_magic.py,793,,2,1,0,0,0
Mailpile,C:\Users\Zhifei Chen\Desktop\pysmell\subjects_for_metrics\Mailpile\mailpile\plugins\setup_magic.py,798,1,,,0,0,0
Mailpile,C:\Users\Zhifei Chen\Desktop\pysmell\subjects_for_metrics\Mailpile\mailpile\plugins\setup_magic.py,801,1,,,0,0,0
Mailpile,C:\Users\Zhifei Chen\Desktop\pysmell\subjects_for_metrics\Mailpile\mailpile\plugins\setup_magic.py,811,,2,1,0,0,0
Mailpile,C:\Users\Zhifei Chen\Desktop\pysmell\subjects_for_metrics\Mailpile\mailpile\plugins\setup_magic.py,818,1,,,0,0,0
Mailpile,C:\Users\Zhifei Chen\Desktop\pysmell\subjects_for_metrics\Mailpile\mailpile\plugins\setup_magic.py,819,1,,,0,0,0
Mailpile,C:\Users\Zhifei Chen\Desktop\pysmell\subjects_for_metrics\Mailpile\mailpile\plugins\setup_magic.py,830,2,,,0,0,0
Mailpile,C:\Users\Zhifei Chen\Desktop\pysmell\subjects_for_metrics\Mailpile\mailpile\plugins\setup_magic.py,835,1,,,0,0,0
Mailpile,C:\Users\Zhifei Chen\Desktop\pysmell\subjects_for_metrics\Mailpile\mailpile\plugins\setup_magic.py,837,1,,,0,0,0
Mailpile,C:\Users\Zhifei Chen\Desktop\pysmell\subjects_for_metrics\Mailpile\mailpile\plugins\setup_magic.py,839,1,,,0,0,0
Mailpile,C:\Users\Zhifei Chen\Desktop\pysmell\subjects_for_metrics\Mailpile\mailpile\plugins\setup_magic.py,840,1,,,0,0,0
Mailpile,C:\Users\Zhifei Chen\Desktop\pysmell\subjects_for_metrics\Mailpile\mailpile\plugins\setup_magic.py,842,1,,,0,0,0
Mailpile,C:\Users\Zhifei Chen\Desktop\pysmell\subjects_for_metrics\Mailpile\mailpile\plugins\setup_magic.py,854,1,,,0,0,0
Mailpile,C:\Users\Zhifei Chen\Desktop\pysmell\subjects_for_metrics\Mailpile\mailpile\plugins\setup_magic.py,867,1,,,0,0,0
Mailpile,C:\Users\Zhifei Chen\Desktop\pysmell\subjects_for_metrics\Mailpile\mailpile\plugins\setup_magic.py,867,1,,,0,0,0
Mailpile,C:\Users\Zhifei Chen\Desktop\pysmell\subjects_for_metrics\Mailpile\mailpile\plugins\setup_magic.py,875,1,,,0,0,0
Mailpile,C:\Users\Zhifei Chen\Desktop\pysmell\subjects_for_metrics\Mailpile\mailpile\plugins\setup_magic.py,876,3,,,1,1,1
Mailpile,C:\Users\Zhifei Chen\Desktop\pysmell\subjects_for_metrics\Mailpile\mailpile\plugins\setup_magic.py,877,2,,,0,0,0
Mailpile,C:\Users\Zhifei Chen\Desktop\pysmell\subjects_for_metrics\Mailpile\mailpile\plugins\setup_magic.py,879,1,,,0,0,0
Mailpile,C:\Users\Zhifei Chen\Desktop\pysmell\subjects_for_metrics\Mailpile\mailpile\plugins\setup_magic.py,879,1,,,0,0,0
Mailpile,C:\Users\Zhifei Chen\Desktop\pysmell\subjects_for_metrics\Mailpile\mailpile\plugins\setup_magic.py,885,1,,,0,0,0
Mailpile,C:\Users\Zhifei Chen\Desktop\pysmell\subjects_for_metrics\Mailpile\mailpile\plugins\setup_magic.py,886,1,,,0,0,0
Mailpile,C:\Users\Zhifei Chen\Desktop\pysmell\subjects_for_metrics\Mailpile\mailpile\plugins\setup_magic.py,887,1,,,0,0,0
Mailpile,C:\Users\Zhifei Chen\Desktop\pysmell\subjects_for_metrics\Mailpile\mailpile\plugins\setup_magic.py,896,1,,,0,0,0
Mailpile,C:\Users\Zhifei Chen\Desktop\pysmell\subjects_for_metrics\Mailpile\mailpile\plugins\setup_magic.py,902,2,,,0,0,0
Mailpile,C:\Users\Zhifei Chen\Desktop\pysmell\subjects_for_metrics\Mailpile\mailpile\plugins\setup_magic.py,903,1,,,0,0,0
Mailpile,C:\Users\Zhifei Chen\Desktop\pysmell\subjects_for_metrics\Mailpile\mailpile\plugins\setup_magic.py,947,1,,,0,0,0
Mailpile,C:\Users\Zhifei Chen\Desktop\pysmell\subjects_for_metrics\Mailpile\mailpile\plugins\setup_magic.py,957,1,,,0,0,0
Mailpile,C:\Users\Zhifei Chen\Desktop\pysmell\subjects_for_metrics\Mailpile\mailpile\plugins\setup_magic.py,957,1,,,0,0,0
Mailpile,C:\Users\Zhifei Chen\Desktop\pysmell\subjects_for_metrics\Mailpile\mailpile\plugins\setup_magic.py,976,1,,,0,0,0
Mailpile,C:\Users\Zhifei Chen\Desktop\pysmell\subjects_for_metrics\Mailpile\mailpile\plugins\setup_magic.py,982,1,,,0,0,0
Mailpile,C:\Users\Zhifei Chen\Desktop\pysmell\subjects_for_metrics\Mailpile\mailpile\plugins\setup_magic.py,987,1,,,0,0,0
Mailpile,C:\Users\Zhifei Chen\Desktop\pysmell\subjects_for_metrics\Mailpile\mailpile\plugins\setup_magic.py,988,1,,,0,0,0
Mailpile,C:\Users\Zhifei Chen\Desktop\pysmell\subjects_for_metrics\Mailpile\mailpile\plugins\setup_magic.py,990,1,,,0,0,0
Mailpile,C:\Users\Zhifei Chen\Desktop\pysmell\subjects_for_metrics\Mailpile\mailpile\plugins\setup_magic.py,1038,1,,,0,0,0
Mailpile,C:\Users\Zhifei Chen\Desktop\pysmell\subjects_for_metrics\Mailpile\mailpile\plugins\setup_magic.py,1039,1,,,0,0,0
Mailpile,C:\Users\Zhifei Chen\Desktop\pysmell\subjects_for_metrics\Mailpile\mailpile\plugins\setup_magic.py,1039,1,,,0,0,0
Mailpile,C:\Users\Zhifei Chen\Desktop\pysmell\subjects_for_metrics\Mailpile\mailpile\plugins\setup_magic.py,1042,1,,,0,0,0
Mailpile,C:\Users\Zhifei Chen\Desktop\pysmell\subjects_for_metrics\Mailpile\mailpile\plugins\setup_magic.py,1067,1,,,0,0,0
Mailpile,C:\Users\Zhifei Chen\Desktop\pysmell\subjects_for_metrics\Mailpile\mailpile\plugins\setup_magic.py,1069,1,,,0,0,0
Mailpile,C:\Users\Zhifei Chen\Desktop\pysmell\subjects_for_metrics\Mailpile\mailpile\plugins\setup_magic.py,1070,3,,,1,1,1
Mailpile,C:\Users\Zhifei Chen\Desktop\pysmell\subjects_for_metrics\Mailpile\mailpile\plugins\setup_magic.py,1077,1,,,0,0,0
Mailpile,C:\Users\Zhifei Chen\Desktop\pysmell\subjects_for_metrics\Mailpile\mailpile\plugins\setup_magic.py,1107,1,,,0,0,0
Mailpile,C:\Users\Zhifei Chen\Desktop\pysmell\subjects_for_metrics\Mailpile\mailpile\plugins\setup_magic.py,1109,1,,,0,0,0
Mailpile,C:\Users\Zhifei Chen\Desktop\pysmell\subjects_for_metrics\Mailpile\mailpile\plugins\setup_magic.py,1111,,2,1,0,0,0
Mailpile,C:\Users\Zhifei Chen\Desktop\pysmell\subjects_for_metrics\Mailpile\mailpile\plugins\setup_magic.py,1167,1,,,0,0,0
Mailpile,C:\Users\Zhifei Chen\Desktop\pysmell\subjects_for_metrics\Mailpile\mailpile\plugins\setup_magic.py,1195,,2,1,0,0,0
Mailpile,C:\Users\Zhifei Chen\Desktop\pysmell\subjects_for_metrics\Mailpile\mailpile\plugins\setup_magic.py,1216,1,,,0,0,0
Mailpile,C:\Users\Zhifei Chen\Desktop\pysmell\subjects_for_metrics\Mailpile\mailpile\plugins\setup_magic.py,1217,1,,,0,0,0
Mailpile,C:\Users\Zhifei Chen\Desktop\pysmell\subjects_for_metrics\Mailpile\mailpile\plugins\setup_magic.py,1251,1,,,0,0,0
Mailpile,C:\Users\Zhifei Chen\Desktop\pysmell\subjects_for_metrics\Mailpile\mailpile\plugins\setup_magic.py,1252,2,,,0,0,0
Mailpile,C:\Users\Zhifei Chen\Desktop\pysmell\subjects_for_metrics\Mailpile\mailpile\plugins\setup_magic.py,1253,3,,,1,1,1
Mailpile,C:\Users\Zhifei Chen\Desktop\pysmell\subjects_for_metrics\Mailpile\mailpile\plugins\setup_magic.py,1254,1,,,0,0,0
Mailpile,C:\Users\Zhifei Chen\Desktop\pysmell\subjects_for_metrics\Mailpile\mailpile\plugins\setup_magic.py,1256,1,,,0,0,0
Mailpile,C:\Users\Zhifei Chen\Desktop\pysmell\subjects_for_metrics\Mailpile\mailpile\plugins\setup_magic.py,1256,,2,1,0,0,0
Mailpile,C:\Users\Zhifei Chen\Desktop\pysmell\subjects_for_metrics\Mailpile\mailpile\plugins\setup_magic.py,1262,1,,,0,0,0
Mailpile,C:\Users\Zhifei Chen\Desktop\pysmell\subjects_for_metrics\Mailpile\mailpile\plugins\setup_magic.py,1262,,2,1,0,0,0
Mailpile,C:\Users\Zhifei Chen\Desktop\pysmell\subjects_for_metrics\Mailpile\mailpile\plugins\setup_magic.py,1266,1,,,0,0,0
Mailpile,C:\Users\Zhifei Chen\Desktop\pysmell\subjects_for_metrics\Mailpile\mailpile\plugins\setup_magic.py,1269,2,,,0,0,0
Mailpile,C:\Users\Zhifei Chen\Desktop\pysmell\subjects_for_metrics\Mailpile\mailpile\plugins\setup_magic.py,1274,1,,,0,0,0
Mailpile,C:\Users\Zhifei Chen\Desktop\pysmell\subjects_for_metrics\Mailpile\mailpile\plugins\setup_magic.py,1276,1,,,0,0,0
Mailpile,C:\Users\Zhifei Chen\Desktop\pysmell\subjects_for_metrics\Mailpile\mailpile\plugins\setup_magic.py,1283,1,,,0,0,0
Mailpile,C:\Users\Zhifei Chen\Desktop\pysmell\subjects_for_metrics\Mailpile\mailpile\plugins\setup_magic.py,1283,,2,1,0,0,0
Mailpile,C:\Users\Zhifei Chen\Desktop\pysmell\subjects_for_metrics\Mailpile\mailpile\plugins\setup_magic.py,1285,1,,,0,0,0
Mailpile,C:\Users\Zhifei Chen\Desktop\pysmell\subjects_for_metrics\Mailpile\mailpile\plugins\setup_magic.py,1287,1,,,0,0,0
Mailpile,C:\Users\Zhifei Chen\Desktop\pysmell\subjects_for_metrics\Mailpile\mailpile\plugins\setup_magic.py,1287,1,,,0,0,0
Mailpile,C:\Users\Zhifei Chen\Desktop\pysmell\subjects_for_metrics\Mailpile\mailpile\plugins\setup_magic.py,1288,1,,,0,0,0
Mailpile,C:\Users\Zhifei Chen\Desktop\pysmell\subjects_for_metrics\Mailpile\mailpile\plugins\setup_magic.py,1288,1,,,0,0,0
Mailpile,C:\Users\Zhifei Chen\Desktop\pysmell\subjects_for_metrics\Mailpile\mailpile\plugins\setup_magic.py,1289,1,,,0,0,0
Mailpile,C:\Users\Zhifei Chen\Desktop\pysmell\subjects_for_metrics\Mailpile\mailpile\plugins\setup_magic.py,1298,,2,1,0,0,0
Mailpile,C:\Users\Zhifei Chen\Desktop\pysmell\subjects_for_metrics\Mailpile\mailpile\plugins\setup_magic.py,1301,1,,,0,0,0
Mailpile,C:\Users\Zhifei Chen\Desktop\pysmell\subjects_for_metrics\Mailpile\mailpile\plugins\setup_magic.py,1302,1,,,0,0,0
Mailpile,C:\Users\Zhifei Chen\Desktop\pysmell\subjects_for_metrics\Mailpile\mailpile\plugins\setup_magic.py,1317,1,,,0,0,0
Mailpile,C:\Users\Zhifei Chen\Desktop\pysmell\subjects_for_metrics\Mailpile\mailpile\plugins\setup_magic.py,1336,1,,,0,0,0
Mailpile,C:\Users\Zhifei Chen\Desktop\pysmell\subjects_for_metrics\Mailpile\mailpile\plugins\setup_magic.py,1339,1,,,0,0,0
Mailpile,C:\Users\Zhifei Chen\Desktop\pysmell\subjects_for_metrics\Mailpile\mailpile\plugins\setup_magic.py,1340,1,,,0,0,0
Mailpile,C:\Users\Zhifei Chen\Desktop\pysmell\subjects_for_metrics\Mailpile\mailpile\plugins\setup_magic.py,1341,1,,,0,0,0
Mailpile,C:\Users\Zhifei Chen\Desktop\pysmell\subjects_for_metrics\Mailpile\mailpile\plugins\setup_magic.py,1342,1,,,0,0,0
Mailpile,C:\Users\Zhifei Chen\Desktop\pysmell\subjects_for_metrics\Mailpile\mailpile\plugins\setup_magic.py,1343,1,,,0,0,0
Mailpile,C:\Users\Zhifei Chen\Desktop\pysmell\subjects_for_metrics\Mailpile\mailpile\plugins\setup_magic.py,1343,2,,,0,0,0
Mailpile,C:\Users\Zhifei Chen\Desktop\pysmell\subjects_for_metrics\Mailpile\mailpile\plugins\setup_magic.py,1387,1,,,0,0,0
Mailpile,C:\Users\Zhifei Chen\Desktop\pysmell\subjects_for_metrics\Mailpile\mailpile\plugins\setup_magic.py,1388,2,,,0,0,0
Mailpile,C:\Users\Zhifei Chen\Desktop\pysmell\subjects_for_metrics\Mailpile\mailpile\plugins\setup_magic.py,1395,1,,,0,0,0
Mailpile,C:\Users\Zhifei Chen\Desktop\pysmell\subjects_for_metrics\Mailpile\mailpile\plugins\setup_magic.py,1397,2,,,0,0,0
Mailpile,C:\Users\Zhifei Chen\Desktop\pysmell\subjects_for_metrics\Mailpile\mailpile\plugins\setup_magic.py,1402,1,,,0,0,0
Mailpile,C:\Users\Zhifei Chen\Desktop\pysmell\subjects_for_metrics\Mailpile\mailpile\plugins\setup_magic.py,1406,2,,,0,0,0
Mailpile,C:\Users\Zhifei Chen\Desktop\pysmell\subjects_for_metrics\Mailpile\mailpile\plugins\setup_magic.py,1409,4,,,1,1,1
Mailpile,C:\Users\Zhifei Chen\Desktop\pysmell\subjects_for_metrics\Mailpile\mailpile\plugins\setup_magic.py,1410,1,,,0,0,0
Mailpile,C:\Users\Zhifei Chen\Desktop\pysmell\subjects_for_metrics\Mailpile\mailpile\plugins\setup_magic.py,1410,2,,,0,0,0
Mailpile,C:\Users\Zhifei Chen\Desktop\pysmell\subjects_for_metrics\Mailpile\mailpile\plugins\setup_magic.py,1412,1,,,0,0,0
Mailpile,C:\Users\Zhifei Chen\Desktop\pysmell\subjects_for_metrics\Mailpile\mailpile\plugins\setup_magic.py,1412,2,,,0,0,0
Mailpile,C:\Users\Zhifei Chen\Desktop\pysmell\subjects_for_metrics\Mailpile\mailpile\plugins\setup_magic.py,1416,1,,,0,0,0
Mailpile,C:\Users\Zhifei Chen\Desktop\pysmell\subjects_for_metrics\Mailpile\mailpile\plugins\setup_magic.py,1469,1,,,0,0,0
Mailpile,C:\Users\Zhifei Chen\Desktop\pysmell\subjects_for_metrics\Mailpile\mailpile\plugins\setup_magic.py,1470,2,,,0,0,0
Mailpile,C:\Users\Zhifei Chen\Desktop\pysmell\subjects_for_metrics\Mailpile\mailpile\plugins\setup_magic.py,1485,,2,1,0,0,0
Mailpile,C:\Users\Zhifei Chen\Desktop\pysmell\subjects_for_metrics\Mailpile\mailpile\plugins\setup_magic.py,1530,1,,,0,0,0
Mailpile,C:\Users\Zhifei Chen\Desktop\pysmell\subjects_for_metrics\Mailpile\mailpile\plugins\setup_magic.py,1536,1,,,0,0,0
Mailpile,C:\Users\Zhifei Chen\Desktop\pysmell\subjects_for_metrics\Mailpile\mailpile\plugins\setup_magic.py,1542,1,,,0,0,0
Mailpile,C:\Users\Zhifei Chen\Desktop\pysmell\subjects_for_metrics\Mailpile\mailpile\plugins\setup_magic.py,1560,1,,,0,0,0
Mailpile,C:\Users\Zhifei Chen\Desktop\pysmell\subjects_for_metrics\Mailpile\mailpile\plugins\setup_magic.py,1560,1,,,0,0,0
Mailpile,C:\Users\Zhifei Chen\Desktop\pysmell\subjects_for_metrics\Mailpile\mailpile\plugins\sizes.py,45,1,,,0,0,0
Mailpile,C:\Users\Zhifei Chen\Desktop\pysmell\subjects_for_metrics\Mailpile\mailpile\plugins\sizes.py,47,1,,,0,0,0
Mailpile,C:\Users\Zhifei Chen\Desktop\pysmell\subjects_for_metrics\Mailpile\mailpile\plugins\sizes.py,47,1,,,0,0,0
Mailpile,C:\Users\Zhifei Chen\Desktop\pysmell\subjects_for_metrics\Mailpile\mailpile\plugins\sizes.py,48,1,,,0,0,0
Mailpile,C:\Users\Zhifei Chen\Desktop\pysmell\subjects_for_metrics\Mailpile\mailpile\plugins\sizes.py,48,1,,,0,0,0
Mailpile,C:\Users\Zhifei Chen\Desktop\pysmell\subjects_for_metrics\Mailpile\mailpile\plugins\sizes.py,49,1,,,0,0,0
Mailpile,C:\Users\Zhifei Chen\Desktop\pysmell\subjects_for_metrics\Mailpile\mailpile\plugins\sizes.py,50,1,,,0,0,0
Mailpile,C:\Users\Zhifei Chen\Desktop\pysmell\subjects_for_metrics\Mailpile\mailpile\plugins\sizes.py,51,1,,,0,0,0
Mailpile,C:\Users\Zhifei Chen\Desktop\pysmell\subjects_for_metrics\Mailpile\mailpile\plugins\sizes.py,51,1,,,0,0,0
Mailpile,C:\Users\Zhifei Chen\Desktop\pysmell\subjects_for_metrics\Mailpile\mailpile\plugins\sizes.py,52,1,,,0,0,0
Mailpile,C:\Users\Zhifei Chen\Desktop\pysmell\subjects_for_metrics\Mailpile\mailpile\plugins\smtp_server.py,26,,3,1,0,0,0
Mailpile,C:\Users\Zhifei Chen\Desktop\pysmell\subjects_for_metrics\Mailpile\mailpile\plugins\smtp_server.py,85,1,,,0,0,0
Mailpile,C:\Users\Zhifei Chen\Desktop\pysmell\subjects_for_metrics\Mailpile\mailpile\plugins\smtp_server.py,93,1,,,0,0,0
Mailpile,C:\Users\Zhifei Chen\Desktop\pysmell\subjects_for_metrics\Mailpile\mailpile\plugins\smtp_server.py,162,1,,,0,0,0
Mailpile,C:\Users\Zhifei Chen\Desktop\pysmell\subjects_for_metrics\Mailpile\mailpile\plugins\smtp_server.py,211,1,,,0,0,0
Mailpile,C:\Users\Zhifei Chen\Desktop\pysmell\subjects_for_metrics\Mailpile\mailpile\plugins\smtp_server.py,211,1,,,0,0,0
Mailpile,C:\Users\Zhifei Chen\Desktop\pysmell\subjects_for_metrics\Mailpile\mailpile\plugins\tags.py,24,,4,1,0,0,0
Mailpile,C:\Users\Zhifei Chen\Desktop\pysmell\subjects_for_metrics\Mailpile\mailpile\plugins\tags.py,57,,3,1,0,0,0
Mailpile,C:\Users\Zhifei Chen\Desktop\pysmell\subjects_for_metrics\Mailpile\mailpile\plugins\tags.py,61,1,,,0,0,0
Mailpile,C:\Users\Zhifei Chen\Desktop\pysmell\subjects_for_metrics\Mailpile\mailpile\plugins\tags.py,66,1,,,0,0,0
Mailpile,C:\Users\Zhifei Chen\Desktop\pysmell\subjects_for_metrics\Mailpile\mailpile\plugins\tags.py,72,1,,,0,0,0
Mailpile,C:\Users\Zhifei Chen\Desktop\pysmell\subjects_for_metrics\Mailpile\mailpile\plugins\tags.py,73,2,,,0,0,0
Mailpile,C:\Users\Zhifei Chen\Desktop\pysmell\subjects_for_metrics\Mailpile\mailpile\plugins\tags.py,79,1,,,0,0,0
Mailpile,C:\Users\Zhifei Chen\Desktop\pysmell\subjects_for_metrics\Mailpile\mailpile\plugins\tags.py,80,1,,,0,0,0
Mailpile,C:\Users\Zhifei Chen\Desktop\pysmell\subjects_for_metrics\Mailpile\mailpile\plugins\tags.py,87,1,,,0,0,0
Mailpile,C:\Users\Zhifei Chen\Desktop\pysmell\subjects_for_metrics\Mailpile\mailpile\plugins\tags.py,88,1,,,0,0,0
Mailpile,C:\Users\Zhifei Chen\Desktop\pysmell\subjects_for_metrics\Mailpile\mailpile\plugins\tags.py,88,1,,,0,0,0
Mailpile,C:\Users\Zhifei Chen\Desktop\pysmell\subjects_for_metrics\Mailpile\mailpile\plugins\tags.py,89,1,,,0,0,0
Mailpile,C:\Users\Zhifei Chen\Desktop\pysmell\subjects_for_metrics\Mailpile\mailpile\plugins\tags.py,109,1,,,0,0,0
Mailpile,C:\Users\Zhifei Chen\Desktop\pysmell\subjects_for_metrics\Mailpile\mailpile\plugins\tags.py,137,1,,,0,0,0
Mailpile,C:\Users\Zhifei Chen\Desktop\pysmell\subjects_for_metrics\Mailpile\mailpile\plugins\tags.py,146,1,,,0,0,0
Mailpile,C:\Users\Zhifei Chen\Desktop\pysmell\subjects_for_metrics\Mailpile\mailpile\plugins\tags.py,154,1,,,0,0,0
Mailpile,C:\Users\Zhifei Chen\Desktop\pysmell\subjects_for_metrics\Mailpile\mailpile\plugins\tags.py,159,1,,,0,0,0
Mailpile,C:\Users\Zhifei Chen\Desktop\pysmell\subjects_for_metrics\Mailpile\mailpile\plugins\tags.py,164,1,,,0,0,0
Mailpile,C:\Users\Zhifei Chen\Desktop\pysmell\subjects_for_metrics\Mailpile\mailpile\plugins\tags.py,187,1,,,0,0,0
Mailpile,C:\Users\Zhifei Chen\Desktop\pysmell\subjects_for_metrics\Mailpile\mailpile\plugins\tags.py,188,1,,,0,0,0
Mailpile,C:\Users\Zhifei Chen\Desktop\pysmell\subjects_for_metrics\Mailpile\mailpile\plugins\tags.py,189,1,,,0,0,0
Mailpile,C:\Users\Zhifei Chen\Desktop\pysmell\subjects_for_metrics\Mailpile\mailpile\plugins\tags.py,189,1,,,0,0,0
Mailpile,C:\Users\Zhifei Chen\Desktop\pysmell\subjects_for_metrics\Mailpile\mailpile\plugins\tags.py,191,1,,,0,0,0
Mailpile,C:\Users\Zhifei Chen\Desktop\pysmell\subjects_for_metrics\Mailpile\mailpile\plugins\tags.py,196,1,,,0,0,0
Mailpile,C:\Users\Zhifei Chen\Desktop\pysmell\subjects_for_metrics\Mailpile\mailpile\plugins\tags.py,196,1,,,0,0,0
Mailpile,C:\Users\Zhifei Chen\Desktop\pysmell\subjects_for_metrics\Mailpile\mailpile\plugins\tags.py,197,1,,,0,0,0
Mailpile,C:\Users\Zhifei Chen\Desktop\pysmell\subjects_for_metrics\Mailpile\mailpile\plugins\tags.py,205,1,,,0,0,0
Mailpile,C:\Users\Zhifei Chen\Desktop\pysmell\subjects_for_metrics\Mailpile\mailpile\plugins\tags.py,234,1,,,0,0,0
Mailpile,C:\Users\Zhifei Chen\Desktop\pysmell\subjects_for_metrics\Mailpile\mailpile\plugins\tags.py,262,1,,,0,0,0
Mailpile,C:\Users\Zhifei Chen\Desktop\pysmell\subjects_for_metrics\Mailpile\mailpile\plugins\tags.py,265,1,,,0,0,0
Mailpile,C:\Users\Zhifei Chen\Desktop\pysmell\subjects_for_metrics\Mailpile\mailpile\plugins\tags.py,267,1,,,0,0,0
Mailpile,C:\Users\Zhifei Chen\Desktop\pysmell\subjects_for_metrics\Mailpile\mailpile\plugins\tags.py,268,1,,,0,0,0
Mailpile,C:\Users\Zhifei Chen\Desktop\pysmell\subjects_for_metrics\Mailpile\mailpile\plugins\tags.py,269,1,,,0,0,0
Mailpile,C:\Users\Zhifei Chen\Desktop\pysmell\subjects_for_metrics\Mailpile\mailpile\plugins\tags.py,271,1,,,0,0,0
Mailpile,C:\Users\Zhifei Chen\Desktop\pysmell\subjects_for_metrics\Mailpile\mailpile\plugins\tags.py,272,1,,,0,0,0
Mailpile,C:\Users\Zhifei Chen\Desktop\pysmell\subjects_for_metrics\Mailpile\mailpile\plugins\tags.py,273,1,,,0,0,0
Mailpile,C:\Users\Zhifei Chen\Desktop\pysmell\subjects_for_metrics\Mailpile\mailpile\plugins\tags.py,287,1,,,0,0,0
Mailpile,C:\Users\Zhifei Chen\Desktop\pysmell\subjects_for_metrics\Mailpile\mailpile\plugins\tags.py,288,1,,,0,0,0
Mailpile,C:\Users\Zhifei Chen\Desktop\pysmell\subjects_for_metrics\Mailpile\mailpile\plugins\tags.py,291,1,,,0,0,0
Mailpile,C:\Users\Zhifei Chen\Desktop\pysmell\subjects_for_metrics\Mailpile\mailpile\plugins\tags.py,293,2,,,0,0,0
Mailpile,C:\Users\Zhifei Chen\Desktop\pysmell\subjects_for_metrics\Mailpile\mailpile\plugins\tags.py,296,1,,,0,0,0
Mailpile,C:\Users\Zhifei Chen\Desktop\pysmell\subjects_for_metrics\Mailpile\mailpile\plugins\tags.py,304,,2,1,0,0,0
Mailpile,C:\Users\Zhifei Chen\Desktop\pysmell\subjects_for_metrics\Mailpile\mailpile\plugins\tags.py,312,1,,,0,0,0
Mailpile,C:\Users\Zhifei Chen\Desktop\pysmell\subjects_for_metrics\Mailpile\mailpile\plugins\tags.py,325,1,,,0,0,0
Mailpile,C:\Users\Zhifei Chen\Desktop\pysmell\subjects_for_metrics\Mailpile\mailpile\plugins\tags.py,329,1,,,0,0,0
Mailpile,C:\Users\Zhifei Chen\Desktop\pysmell\subjects_for_metrics\Mailpile\mailpile\plugins\tags.py,330,1,,,0,0,0
Mailpile,C:\Users\Zhifei Chen\Desktop\pysmell\subjects_for_metrics\Mailpile\mailpile\plugins\tags.py,334,1,,,0,0,0
Mailpile,C:\Users\Zhifei Chen\Desktop\pysmell\subjects_for_metrics\Mailpile\mailpile\plugins\tags.py,340,1,,,0,0,0
Mailpile,C:\Users\Zhifei Chen\Desktop\pysmell\subjects_for_metrics\Mailpile\mailpile\plugins\tags.py,350,1,,,0,0,0
Mailpile,C:\Users\Zhifei Chen\Desktop\pysmell\subjects_for_metrics\Mailpile\mailpile\plugins\tags.py,363,1,,,0,0,0
Mailpile,C:\Users\Zhifei Chen\Desktop\pysmell\subjects_for_metrics\Mailpile\mailpile\plugins\tags.py,364,1,,,0,0,0
Mailpile,C:\Users\Zhifei Chen\Desktop\pysmell\subjects_for_metrics\Mailpile\mailpile\plugins\tags.py,365,1,,,0,0,0
Mailpile,C:\Users\Zhifei Chen\Desktop\pysmell\subjects_for_metrics\Mailpile\mailpile\plugins\tags.py,365,1,,,0,0,0
Mailpile,C:\Users\Zhifei Chen\Desktop\pysmell\subjects_for_metrics\Mailpile\mailpile\plugins\tags.py,366,1,,,0,0,0
Mailpile,C:\Users\Zhifei Chen\Desktop\pysmell\subjects_for_metrics\Mailpile\mailpile\plugins\tags.py,366,1,,,0,0,0
Mailpile,C:\Users\Zhifei Chen\Desktop\pysmell\subjects_for_metrics\Mailpile\mailpile\plugins\tags.py,375,,2,1,0,0,0
Mailpile,C:\Users\Zhifei Chen\Desktop\pysmell\subjects_for_metrics\Mailpile\mailpile\plugins\tags.py,379,2,,,0,0,0
Mailpile,C:\Users\Zhifei Chen\Desktop\pysmell\subjects_for_metrics\Mailpile\mailpile\plugins\tags.py,383,1,,,0,0,0
Mailpile,C:\Users\Zhifei Chen\Desktop\pysmell\subjects_for_metrics\Mailpile\mailpile\plugins\tags.py,385,2,,,0,0,0
Mailpile,C:\Users\Zhifei Chen\Desktop\pysmell\subjects_for_metrics\Mailpile\mailpile\plugins\tags.py,389,1,,,0,0,0
Mailpile,C:\Users\Zhifei Chen\Desktop\pysmell\subjects_for_metrics\Mailpile\mailpile\plugins\tags.py,452,1,,,0,0,0
Mailpile,C:\Users\Zhifei Chen\Desktop\pysmell\subjects_for_metrics\Mailpile\mailpile\plugins\tags.py,455,1,,,0,0,0
Mailpile,C:\Users\Zhifei Chen\Desktop\pysmell\subjects_for_metrics\Mailpile\mailpile\plugins\tags.py,455,1,,,0,0,0
Mailpile,C:\Users\Zhifei Chen\Desktop\pysmell\subjects_for_metrics\Mailpile\mailpile\plugins\tags.py,463,2,,,0,0,0
Mailpile,C:\Users\Zhifei Chen\Desktop\pysmell\subjects_for_metrics\Mailpile\mailpile\plugins\tags.py,493,1,,,0,0,0
Mailpile,C:\Users\Zhifei Chen\Desktop\pysmell\subjects_for_metrics\Mailpile\mailpile\plugins\tags.py,494,2,,,0,0,0
Mailpile,C:\Users\Zhifei Chen\Desktop\pysmell\subjects_for_metrics\Mailpile\mailpile\plugins\tags.py,494,1,,,0,0,0
Mailpile,C:\Users\Zhifei Chen\Desktop\pysmell\subjects_for_metrics\Mailpile\mailpile\plugins\tags.py,505,1,,,0,0,0
Mailpile,C:\Users\Zhifei Chen\Desktop\pysmell\subjects_for_metrics\Mailpile\mailpile\plugins\tags.py,523,1,,,0,0,0
Mailpile,C:\Users\Zhifei Chen\Desktop\pysmell\subjects_for_metrics\Mailpile\mailpile\plugins\tags.py,523,1,,,0,0,0
Mailpile,C:\Users\Zhifei Chen\Desktop\pysmell\subjects_for_metrics\Mailpile\mailpile\plugins\tags.py,531,1,,,0,0,0
Mailpile,C:\Users\Zhifei Chen\Desktop\pysmell\subjects_for_metrics\Mailpile\mailpile\plugins\tags.py,535,2,,,0,0,0
Mailpile,C:\Users\Zhifei Chen\Desktop\pysmell\subjects_for_metrics\Mailpile\mailpile\plugins\tags.py,538,1,,,0,0,0
Mailpile,C:\Users\Zhifei Chen\Desktop\pysmell\subjects_for_metrics\Mailpile\mailpile\plugins\tags.py,540,2,,,0,0,0
Mailpile,C:\Users\Zhifei Chen\Desktop\pysmell\subjects_for_metrics\Mailpile\mailpile\plugins\tags.py,545,,2,1,0,0,0
Mailpile,C:\Users\Zhifei Chen\Desktop\pysmell\subjects_for_metrics\Mailpile\mailpile\plugins\tags.py,552,1,,,0,0,0
Mailpile,C:\Users\Zhifei Chen\Desktop\pysmell\subjects_for_metrics\Mailpile\mailpile\plugins\tags.py,557,1,,,0,0,0
Mailpile,C:\Users\Zhifei Chen\Desktop\pysmell\subjects_for_metrics\Mailpile\mailpile\plugins\tags.py,557,1,,,0,0,0
Mailpile,C:\Users\Zhifei Chen\Desktop\pysmell\subjects_for_metrics\Mailpile\mailpile\plugins\tags.py,563,1,,,0,0,0
Mailpile,C:\Users\Zhifei Chen\Desktop\pysmell\subjects_for_metrics\Mailpile\mailpile\plugins\tags.py,577,1,,,0,0,0
Mailpile,C:\Users\Zhifei Chen\Desktop\pysmell\subjects_for_metrics\Mailpile\mailpile\plugins\tags.py,579,1,,,0,0,0
Mailpile,C:\Users\Zhifei Chen\Desktop\pysmell\subjects_for_metrics\Mailpile\mailpile\plugins\tags.py,618,1,,,0,0,0
Mailpile,C:\Users\Zhifei Chen\Desktop\pysmell\subjects_for_metrics\Mailpile\mailpile\plugins\tags.py,618,1,,,0,0,0
Mailpile,C:\Users\Zhifei Chen\Desktop\pysmell\subjects_for_metrics\Mailpile\mailpile\plugins\tags.py,648,1,,,0,0,0
Mailpile,C:\Users\Zhifei Chen\Desktop\pysmell\subjects_for_metrics\Mailpile\mailpile\plugins\tags.py,651,1,,,0,0,0
Mailpile,C:\Users\Zhifei Chen\Desktop\pysmell\subjects_for_metrics\Mailpile\mailpile\plugins\tags.py,651,1,,,0,0,0
Mailpile,C:\Users\Zhifei Chen\Desktop\pysmell\subjects_for_metrics\Mailpile\mailpile\plugins\tags.py,677,1,,,0,0,0
Mailpile,C:\Users\Zhifei Chen\Desktop\pysmell\subjects_for_metrics\Mailpile\mailpile\plugins\tags.py,719,2,,,0,0,0
Mailpile,C:\Users\Zhifei Chen\Desktop\pysmell\subjects_for_metrics\Mailpile\mailpile\plugins\tags.py,727,1,,,0,0,0
Mailpile,C:\Users\Zhifei Chen\Desktop\pysmell\subjects_for_metrics\Mailpile\mailpile\plugins\tags.py,733,2,,,0,0,0
Mailpile,C:\Users\Zhifei Chen\Desktop\pysmell\subjects_for_metrics\Mailpile\mailpile\plugins\tags.py,734,1,,,0,0,0
Mailpile,C:\Users\Zhifei Chen\Desktop\pysmell\subjects_for_metrics\Mailpile\mailpile\plugins\tags.py,736,1,,,0,0,0
Mailpile,C:\Users\Zhifei Chen\Desktop\pysmell\subjects_for_metrics\Mailpile\mailpile\plugins\tags.py,738,2,,,0,0,0
Mailpile,C:\Users\Zhifei Chen\Desktop\pysmell\subjects_for_metrics\Mailpile\mailpile\plugins\tags.py,739,1,,,0,0,0
Mailpile,C:\Users\Zhifei Chen\Desktop\pysmell\subjects_for_metrics\Mailpile\mailpile\plugins\tags.py,741,1,,,0,0,0
Mailpile,C:\Users\Zhifei Chen\Desktop\pysmell\subjects_for_metrics\Mailpile\mailpile\plugins\tags.py,760,1,,,0,0,0
Mailpile,C:\Users\Zhifei Chen\Desktop\pysmell\subjects_for_metrics\Mailpile\mailpile\plugins\tags.py,761,2,,,0,0,0
Mailpile,C:\Users\Zhifei Chen\Desktop\pysmell\subjects_for_metrics\Mailpile\mailpile\plugins\tags.py,763,2,,,0,0,0
Mailpile,C:\Users\Zhifei Chen\Desktop\pysmell\subjects_for_metrics\Mailpile\mailpile\plugins\tags.py,765,2,,,0,0,0
Mailpile,C:\Users\Zhifei Chen\Desktop\pysmell\subjects_for_metrics\Mailpile\mailpile\plugins\tags.py,772,2,,,0,0,0
Mailpile,C:\Users\Zhifei Chen\Desktop\pysmell\subjects_for_metrics\Mailpile\mailpile\plugins\tags.py,775,1,,,0,0,0
Mailpile,C:\Users\Zhifei Chen\Desktop\pysmell\subjects_for_metrics\Mailpile\mailpile\plugins\tags.py,778,1,,,0,0,0
Mailpile,C:\Users\Zhifei Chen\Desktop\pysmell\subjects_for_metrics\Mailpile\mailpile\plugins\tags.py,786,3,,,1,1,1
Mailpile,C:\Users\Zhifei Chen\Desktop\pysmell\subjects_for_metrics\Mailpile\mailpile\plugins\tags.py,791,,2,1,0,0,0
Mailpile,C:\Users\Zhifei Chen\Desktop\pysmell\subjects_for_metrics\Mailpile\mailpile\plugins\tags.py,793,1,,,0,0,0
Mailpile,C:\Users\Zhifei Chen\Desktop\pysmell\subjects_for_metrics\Mailpile\mailpile\plugins\tags.py,795,1,,,0,0,0
Mailpile,C:\Users\Zhifei Chen\Desktop\pysmell\subjects_for_metrics\Mailpile\mailpile\plugins\tags.py,797,1,,,0,0,0
Mailpile,C:\Users\Zhifei Chen\Desktop\pysmell\subjects_for_metrics\Mailpile\mailpile\plugins\tags.py,800,1,,,0,0,0
Mailpile,C:\Users\Zhifei Chen\Desktop\pysmell\subjects_for_metrics\Mailpile\mailpile\plugins\tags.py,819,1,,,0,0,0
Mailpile,C:\Users\Zhifei Chen\Desktop\pysmell\subjects_for_metrics\Mailpile\mailpile\plugins\tags.py,824,1,,,0,0,0
Mailpile,C:\Users\Zhifei Chen\Desktop\pysmell\subjects_for_metrics\Mailpile\mailpile\plugins\tags.py,825,1,,,0,0,0
Mailpile,C:\Users\Zhifei Chen\Desktop\pysmell\subjects_for_metrics\Mailpile\mailpile\plugins\tags.py,827,1,,,0,0,0
Mailpile,C:\Users\Zhifei Chen\Desktop\pysmell\subjects_for_metrics\Mailpile\mailpile\plugins\tags.py,829,1,,,0,0,0
Mailpile,C:\Users\Zhifei Chen\Desktop\pysmell\subjects_for_metrics\Mailpile\mailpile\plugins\tags.py,830,1,,,0,0,0
Mailpile,C:\Users\Zhifei Chen\Desktop\pysmell\subjects_for_metrics\Mailpile\mailpile\plugins\tags.py,831,1,,,0,0,0
Mailpile,C:\Users\Zhifei Chen\Desktop\pysmell\subjects_for_metrics\Mailpile\mailpile\plugins\tags.py,835,1,,,0,0,0
Mailpile,C:\Users\Zhifei Chen\Desktop\pysmell\subjects_for_metrics\Mailpile\mailpile\plugins\tags.py,884,1,,,0,0,0
Mailpile,C:\Users\Zhifei Chen\Desktop\pysmell\subjects_for_metrics\Mailpile\mailpile\plugins\tags.py,884,1,,,0,0,0
Mailpile,C:\Users\Zhifei Chen\Desktop\pysmell\subjects_for_metrics\Mailpile\mailpile\plugins\tags.py,885,1,,,0,0,0
Mailpile,C:\Users\Zhifei Chen\Desktop\pysmell\subjects_for_metrics\Mailpile\mailpile\plugins\tags.py,885,1,,,0,0,0
Mailpile,C:\Users\Zhifei Chen\Desktop\pysmell\subjects_for_metrics\Mailpile\mailpile\plugins\tags.py,885,1,,,0,0,0
Mailpile,C:\Users\Zhifei Chen\Desktop\pysmell\subjects_for_metrics\Mailpile\mailpile\plugins\tags.py,899,1,,,0,0,0
Mailpile,C:\Users\Zhifei Chen\Desktop\pysmell\subjects_for_metrics\Mailpile\mailpile\plugins\tags.py,900,1,,,0,0,0
Mailpile,C:\Users\Zhifei Chen\Desktop\pysmell\subjects_for_metrics\Mailpile\mailpile\plugins\tags.py,911,1,,,0,0,0
Mailpile,C:\Users\Zhifei Chen\Desktop\pysmell\subjects_for_metrics\Mailpile\mailpile\plugins\tags.py,914,1,,,0,0,0
Mailpile,C:\Users\Zhifei Chen\Desktop\pysmell\subjects_for_metrics\Mailpile\mailpile\plugins\tags.py,942,1,,,0,0,0
Mailpile,C:\Users\Zhifei Chen\Desktop\pysmell\subjects_for_metrics\Mailpile\mailpile\plugins\tags.py,942,1,,,0,0,0
Mailpile,C:\Users\Zhifei Chen\Desktop\pysmell\subjects_for_metrics\Mailpile\mailpile\plugins\tags.py,944,1,,,0,0,0
Mailpile,C:\Users\Zhifei Chen\Desktop\pysmell\subjects_for_metrics\Mailpile\mailpile\plugins\vcard_carddav.py,77,1,,,0,0,0
Mailpile,C:\Users\Zhifei Chen\Desktop\pysmell\subjects_for_metrics\Mailpile\mailpile\plugins\vcard_carddav.py,94,1,,,0,0,0
Mailpile,C:\Users\Zhifei Chen\Desktop\pysmell\subjects_for_metrics\Mailpile\mailpile\plugins\vcard_carddav.py,110,1,,,0,0,0
Mailpile,C:\Users\Zhifei Chen\Desktop\pysmell\subjects_for_metrics\Mailpile\mailpile\plugins\vcard_carddav.py,120,,2,1,0,0,0
Mailpile,C:\Users\Zhifei Chen\Desktop\pysmell\subjects_for_metrics\Mailpile\mailpile\plugins\vcard_gnupg.py,24,,2,1,0,0,0
Mailpile,C:\Users\Zhifei Chen\Desktop\pysmell\subjects_for_metrics\Mailpile\mailpile\plugins\vcard_gnupg.py,40,1,,,0,0,0
Mailpile,C:\Users\Zhifei Chen\Desktop\pysmell\subjects_for_metrics\Mailpile\mailpile\plugins\vcard_gnupg.py,63,1,,,0,0,0
Mailpile,C:\Users\Zhifei Chen\Desktop\pysmell\subjects_for_metrics\Mailpile\mailpile\plugins\vcard_gnupg.py,65,1,,,0,0,0
Mailpile,C:\Users\Zhifei Chen\Desktop\pysmell\subjects_for_metrics\Mailpile\mailpile\plugins\vcard_gnupg.py,68,1,,,0,0,0
Mailpile,C:\Users\Zhifei Chen\Desktop\pysmell\subjects_for_metrics\Mailpile\mailpile\plugins\vcard_gnupg.py,71,1,,,0,0,0
Mailpile,C:\Users\Zhifei Chen\Desktop\pysmell\subjects_for_metrics\Mailpile\mailpile\plugins\vcard_gnupg.py,72,1,,,0,0,0
Mailpile,C:\Users\Zhifei Chen\Desktop\pysmell\subjects_for_metrics\Mailpile\mailpile\plugins\vcard_gnupg.py,82,1,,,0,0,0
Mailpile,C:\Users\Zhifei Chen\Desktop\pysmell\subjects_for_metrics\Mailpile\mailpile\plugins\vcard_gnupg.py,83,1,,,0,0,0
Mailpile,C:\Users\Zhifei Chen\Desktop\pysmell\subjects_for_metrics\Mailpile\mailpile\plugins\vcard_gnupg.py,91,1,,,0,0,0
Mailpile,C:\Users\Zhifei Chen\Desktop\pysmell\subjects_for_metrics\Mailpile\mailpile\plugins\vcard_gnupg.py,91,1,,,0,0,0
Mailpile,C:\Users\Zhifei Chen\Desktop\pysmell\subjects_for_metrics\Mailpile\mailpile\plugins\vcard_gnupg.py,91,1,,,0,0,0
Mailpile,C:\Users\Zhifei Chen\Desktop\pysmell\subjects_for_metrics\Mailpile\mailpile\plugins\vcard_gnupg.py,108,1,,,0,0,0
Mailpile,C:\Users\Zhifei Chen\Desktop\pysmell\subjects_for_metrics\Mailpile\mailpile\plugins\vcard_gnupg.py,118,1,,,0,0,0
Mailpile,C:\Users\Zhifei Chen\Desktop\pysmell\subjects_for_metrics\Mailpile\mailpile\plugins\vcard_gnupg.py,133,1,,,0,0,0
Mailpile,C:\Users\Zhifei Chen\Desktop\pysmell\subjects_for_metrics\Mailpile\mailpile\plugins\vcard_gnupg.py,134,1,,,0,0,0
Mailpile,C:\Users\Zhifei Chen\Desktop\pysmell\subjects_for_metrics\Mailpile\mailpile\plugins\vcard_gnupg.py,136,1,,,0,0,0
Mailpile,C:\Users\Zhifei Chen\Desktop\pysmell\subjects_for_metrics\Mailpile\mailpile\plugins\vcard_gnupg.py,145,1,,,0,0,0
Mailpile,C:\Users\Zhifei Chen\Desktop\pysmell\subjects_for_metrics\Mailpile\mailpile\plugins\vcard_gnupg.py,161,1,,,0,0,0
Mailpile,C:\Users\Zhifei Chen\Desktop\pysmell\subjects_for_metrics\Mailpile\mailpile\plugins\vcard_gnupg.py,162,1,,,0,0,0
Mailpile,C:\Users\Zhifei Chen\Desktop\pysmell\subjects_for_metrics\Mailpile\mailpile\plugins\vcard_gnupg.py,163,1,,,0,0,0
Mailpile,C:\Users\Zhifei Chen\Desktop\pysmell\subjects_for_metrics\Mailpile\mailpile\plugins\vcard_gnupg.py,165,1,,,0,0,0
Mailpile,C:\Users\Zhifei Chen\Desktop\pysmell\subjects_for_metrics\Mailpile\mailpile\plugins\vcard_gnupg.py,175,1,,,0,0,0
Mailpile,C:\Users\Zhifei Chen\Desktop\pysmell\subjects_for_metrics\Mailpile\mailpile\plugins\vcard_gnupg.py,196,1,,,0,0,0
Mailpile,C:\Users\Zhifei Chen\Desktop\pysmell\subjects_for_metrics\Mailpile\mailpile\plugins\vcard_gnupg.py,206,1,,,0,0,0
Mailpile,C:\Users\Zhifei Chen\Desktop\pysmell\subjects_for_metrics\Mailpile\mailpile\plugins\vcard_gnupg.py,234,1,,,0,0,0
Mailpile,C:\Users\Zhifei Chen\Desktop\pysmell\subjects_for_metrics\Mailpile\mailpile\plugins\vcard_gnupg.py,236,1,,,0,0,0
Mailpile,C:\Users\Zhifei Chen\Desktop\pysmell\subjects_for_metrics\Mailpile\mailpile\plugins\vcard_gnupg.py,268,1,,,0,0,0
Mailpile,C:\Users\Zhifei Chen\Desktop\pysmell\subjects_for_metrics\Mailpile\mailpile\plugins\vcard_gnupg.py,270,1,,,0,0,0
Mailpile,C:\Users\Zhifei Chen\Desktop\pysmell\subjects_for_metrics\Mailpile\mailpile\plugins\vcard_gravatar.py,33,,3,1,0,0,0
Mailpile,C:\Users\Zhifei Chen\Desktop\pysmell\subjects_for_metrics\Mailpile\mailpile\plugins\vcard_gravatar.py,70,,2,1,0,0,0
Mailpile,C:\Users\Zhifei Chen\Desktop\pysmell\subjects_for_metrics\Mailpile\mailpile\plugins\vcard_libravatar.py,30,,3,1,0,0,0
Mailpile,C:\Users\Zhifei Chen\Desktop\pysmell\subjects_for_metrics\Mailpile\mailpile\plugins\vcard_libravatar.py,68,,2,1,0,0,0
Mailpile,C:\Users\Zhifei Chen\Desktop\pysmell\subjects_for_metrics\Mailpile\mailpile\plugins\vcard_mork.py,42,,2,1,0,0,0
Mailpile,C:\Users\Zhifei Chen\Desktop\pysmell\subjects_for_metrics\Mailpile\mailpile\plugins\vcard_mork.py,111,1,,,0,0,0
Mailpile,C:\Users\Zhifei Chen\Desktop\pysmell\subjects_for_metrics\Mailpile\mailpile\plugins\vcard_mork.py,112,1,,,0,0,0
Mailpile,C:\Users\Zhifei Chen\Desktop\pysmell\subjects_for_metrics\Mailpile\mailpile\plugins\vcard_mork.py,114,1,,,0,0,0
Mailpile,C:\Users\Zhifei Chen\Desktop\pysmell\subjects_for_metrics\Mailpile\mailpile\plugins\vcard_mork.py,124,1,,,0,0,0
Mailpile,C:\Users\Zhifei Chen\Desktop\pysmell\subjects_for_metrics\Mailpile\mailpile\plugins\vcard_mork.py,125,1,,,0,0,0
Mailpile,C:\Users\Zhifei Chen\Desktop\pysmell\subjects_for_metrics\Mailpile\mailpile\plugins\vcard_mork.py,126,1,,,0,0,0
Mailpile,C:\Users\Zhifei Chen\Desktop\pysmell\subjects_for_metrics\Mailpile\mailpile\plugins\vcard_mork.py,131,1,,,0,0,0
Mailpile,C:\Users\Zhifei Chen\Desktop\pysmell\subjects_for_metrics\Mailpile\mailpile\plugins\vcard_mork.py,131,1,,,0,0,0
Mailpile,C:\Users\Zhifei Chen\Desktop\pysmell\subjects_for_metrics\Mailpile\mailpile\plugins\vcard_mork.py,131,1,,,0,0,0
Mailpile,C:\Users\Zhifei Chen\Desktop\pysmell\subjects_for_metrics\Mailpile\mailpile\plugins\vcard_mork.py,143,1,,,0,0,0
Mailpile,C:\Users\Zhifei Chen\Desktop\pysmell\subjects_for_metrics\Mailpile\mailpile\plugins\vcard_mork.py,151,1,,,0,0,0
Mailpile,C:\Users\Zhifei Chen\Desktop\pysmell\subjects_for_metrics\Mailpile\mailpile\plugins\vcard_mork.py,155,1,,,0,0,0
Mailpile,C:\Users\Zhifei Chen\Desktop\pysmell\subjects_for_metrics\Mailpile\mailpile\plugins\vcard_mork.py,161,1,,,0,0,0
Mailpile,C:\Users\Zhifei Chen\Desktop\pysmell\subjects_for_metrics\Mailpile\mailpile\plugins\vcard_mork.py,162,1,,,0,0,0
Mailpile,C:\Users\Zhifei Chen\Desktop\pysmell\subjects_for_metrics\Mailpile\mailpile\plugins\vcard_mork.py,176,1,,,0,0,0
Mailpile,C:\Users\Zhifei Chen\Desktop\pysmell\subjects_for_metrics\Mailpile\mailpile\plugins\vcard_mork.py,217,1,,,0,0,0
Mailpile,C:\Users\Zhifei Chen\Desktop\pysmell\subjects_for_metrics\Mailpile\mailpile\plugins\vcard_mork.py,220,1,,,0,0,0
Mailpile,C:\Users\Zhifei Chen\Desktop\pysmell\subjects_for_metrics\Mailpile\mailpile\plugins\vcard_mork.py,225,1,,,0,0,0
Mailpile,C:\Users\Zhifei Chen\Desktop\pysmell\subjects_for_metrics\Mailpile\mailpile\plugins\vcard_mork.py,233,1,,,0,0,0
Mailpile,C:\Users\Zhifei Chen\Desktop\pysmell\subjects_for_metrics\Mailpile\mailpile\plugins\vcard_mork.py,234,1,,,0,0,0
Mailpile,C:\Users\Zhifei Chen\Desktop\pysmell\subjects_for_metrics\Mailpile\mailpile\plugins\vcard_mork.py,235,1,,,0,0,0
Mailpile,C:\Users\Zhifei Chen\Desktop\pysmell\subjects_for_metrics\Mailpile\mailpile\plugins\vcard_mork.py,262,1,,,0,0,0
Mailpile,C:\Users\Zhifei Chen\Desktop\pysmell\subjects_for_metrics\Mailpile\mailpile\plugins\vcard_mork.py,263,1,,,0,0,0
Mailpile,C:\Users\Zhifei Chen\Desktop\pysmell\subjects_for_metrics\Mailpile\mailpile\plugins\vcard_mork.py,264,1,,,0,0,0
Mailpile,C:\Users\Zhifei Chen\Desktop\pysmell\subjects_for_metrics\Mailpile\mailpile\plugins\vcard_mork.py,265,1,,,0,0,0
Mailpile,C:\Users\Zhifei Chen\Desktop\pysmell\subjects_for_metrics\Mailpile\mailpile\plugins\vcard_mork.py,266,1,,,0,0,0
Mailpile,C:\Users\Zhifei Chen\Desktop\pysmell\subjects_for_metrics\Mailpile\mailpile\plugins\vcard_mork.py,268,1,,,0,0,0
Mailpile,C:\Users\Zhifei Chen\Desktop\pysmell\subjects_for_metrics\Mailpile\mailpile\plugins\vcard_mork.py,272,1,,,0,0,0
Mailpile,C:\Users\Zhifei Chen\Desktop\pysmell\subjects_for_metrics\Mailpile\mailpile\plugins\vcard_mork.py,291,1,,,0,0,0
Mailpile,C:\Users\Zhifei Chen\Desktop\pysmell\subjects_for_metrics\Mailpile\mailpile\plugins\vcard_mork.py,292,1,,,0,0,0
Mailpile,C:\Users\Zhifei Chen\Desktop\pysmell\subjects_for_metrics\Mailpile\mailpile\plugins\vcard_mork.py,295,1,,,0,0,0
Mailpile,C:\Users\Zhifei Chen\Desktop\pysmell\subjects_for_metrics\Mailpile\mailpile\plugins\vcard_mork.py,296,1,,,0,0,0
Mailpile,C:\Users\Zhifei Chen\Desktop\pysmell\subjects_for_metrics\Mailpile\mailpile\plugins\vcard_mork.py,297,1,,,0,0,0
Mailpile,C:\Users\Zhifei Chen\Desktop\pysmell\subjects_for_metrics\Mailpile\mailpile\plugins\vcard_mork.py,302,1,,,0,0,0
Mailpile,C:\Users\Zhifei Chen\Desktop\pysmell\subjects_for_metrics\Mailpile\mailpile\plugins\vcard_mork.py,317,1,,,0,0,0
Mailpile,C:\Users\Zhifei Chen\Desktop\pysmell\subjects_for_metrics\Mailpile\mailpile\plugins\vcard_mork.py,320,1,,,0,0,0
Mailpile,C:\Users\Zhifei Chen\Desktop\pysmell\subjects_for_metrics\Mailpile\mailpile\plugins\vcard_mork.py,324,1,,,0,0,0
Mailpile,C:\Users\Zhifei Chen\Desktop\pysmell\subjects_for_metrics\Mailpile\mailpile\plugins\vcard_mork.py,326,1,,,0,0,0
Mailpile,C:\Users\Zhifei Chen\Desktop\pysmell\subjects_for_metrics\Mailpile\mailpile\plugins\vcard_mork.py,328,1,,,0,0,0
Mailpile,C:\Users\Zhifei Chen\Desktop\pysmell\subjects_for_metrics\Mailpile\mailpile\plugins\vcard_mork.py,352,1,,,0,0,0
Mailpile,C:\Users\Zhifei Chen\Desktop\pysmell\subjects_for_metrics\Mailpile\mailpile\plugins\vcard_mork.py,354,1,,,0,0,0
Mailpile,C:\Users\Zhifei Chen\Desktop\pysmell\subjects_for_metrics\Mailpile\mailpile\plugins\vcard_mork.py,362,1,,,0,0,0
Mailpile,C:\Users\Zhifei Chen\Desktop\pysmell\subjects_for_metrics\Mailpile\mailpile\plugins\__init__.py,40,1,,,0,0,0
Mailpile,C:\Users\Zhifei Chen\Desktop\pysmell\subjects_for_metrics\Mailpile\mailpile\plugins\__init__.py,43,1,,,0,0,0
Mailpile,C:\Users\Zhifei Chen\Desktop\pysmell\subjects_for_metrics\Mailpile\mailpile\plugins\__init__.py,84,1,,,0,0,0
Mailpile,C:\Users\Zhifei Chen\Desktop\pysmell\subjects_for_metrics\Mailpile\mailpile\plugins\__init__.py,112,1,,,0,0,0
Mailpile,C:\Users\Zhifei Chen\Desktop\pysmell\subjects_for_metrics\Mailpile\mailpile\plugins\__init__.py,139,1,,,0,0,0
Mailpile,C:\Users\Zhifei Chen\Desktop\pysmell\subjects_for_metrics\Mailpile\mailpile\plugins\__init__.py,142,1,,,0,0,0
Mailpile,C:\Users\Zhifei Chen\Desktop\pysmell\subjects_for_metrics\Mailpile\mailpile\plugins\__init__.py,146,1,,,0,0,0
Mailpile,C:\Users\Zhifei Chen\Desktop\pysmell\subjects_for_metrics\Mailpile\mailpile\plugins\__init__.py,151,1,,,0,0,0
Mailpile,C:\Users\Zhifei Chen\Desktop\pysmell\subjects_for_metrics\Mailpile\mailpile\plugins\__init__.py,152,1,,,0,0,0
Mailpile,C:\Users\Zhifei Chen\Desktop\pysmell\subjects_for_metrics\Mailpile\mailpile\plugins\__init__.py,152,1,,,0,0,0
Mailpile,C:\Users\Zhifei Chen\Desktop\pysmell\subjects_for_metrics\Mailpile\mailpile\plugins\__init__.py,152,1,,,0,0,0
Mailpile,C:\Users\Zhifei Chen\Desktop\pysmell\subjects_for_metrics\Mailpile\mailpile\plugins\__init__.py,157,1,,,0,0,0
Mailpile,C:\Users\Zhifei Chen\Desktop\pysmell\subjects_for_metrics\Mailpile\mailpile\plugins\__init__.py,160,1,,,0,0,0
Mailpile,C:\Users\Zhifei Chen\Desktop\pysmell\subjects_for_metrics\Mailpile\mailpile\plugins\__init__.py,175,1,,,0,0,0
Mailpile,C:\Users\Zhifei Chen\Desktop\pysmell\subjects_for_metrics\Mailpile\mailpile\plugins\__init__.py,267,1,,,0,0,0
Mailpile,C:\Users\Zhifei Chen\Desktop\pysmell\subjects_for_metrics\Mailpile\mailpile\plugins\__init__.py,296,1,,,0,0,0
Mailpile,C:\Users\Zhifei Chen\Desktop\pysmell\subjects_for_metrics\Mailpile\mailpile\plugins\__init__.py,301,1,,,0,0,0
Mailpile,C:\Users\Zhifei Chen\Desktop\pysmell\subjects_for_metrics\Mailpile\mailpile\plugins\__init__.py,301,1,,,0,0,0
Mailpile,C:\Users\Zhifei Chen\Desktop\pysmell\subjects_for_metrics\Mailpile\mailpile\plugins\__init__.py,302,1,,,0,0,0
Mailpile,C:\Users\Zhifei Chen\Desktop\pysmell\subjects_for_metrics\Mailpile\mailpile\plugins\__init__.py,304,1,,,0,0,0
Mailpile,C:\Users\Zhifei Chen\Desktop\pysmell\subjects_for_metrics\Mailpile\mailpile\plugins\__init__.py,305,1,,,0,0,0
Mailpile,C:\Users\Zhifei Chen\Desktop\pysmell\subjects_for_metrics\Mailpile\mailpile\plugins\__init__.py,306,1,,,0,0,0
Mailpile,C:\Users\Zhifei Chen\Desktop\pysmell\subjects_for_metrics\Mailpile\mailpile\plugins\__init__.py,307,1,,,0,0,0
Mailpile,C:\Users\Zhifei Chen\Desktop\pysmell\subjects_for_metrics\Mailpile\mailpile\plugins\__init__.py,314,1,,,0,0,0
Mailpile,C:\Users\Zhifei Chen\Desktop\pysmell\subjects_for_metrics\Mailpile\mailpile\plugins\__init__.py,315,1,,,0,0,0
Mailpile,C:\Users\Zhifei Chen\Desktop\pysmell\subjects_for_metrics\Mailpile\mailpile\plugins\__init__.py,334,1,,,0,0,0
Mailpile,C:\Users\Zhifei Chen\Desktop\pysmell\subjects_for_metrics\Mailpile\mailpile\plugins\__init__.py,345,1,,,0,0,0
Mailpile,C:\Users\Zhifei Chen\Desktop\pysmell\subjects_for_metrics\Mailpile\mailpile\plugins\__init__.py,354,1,,,0,0,0
Mailpile,C:\Users\Zhifei Chen\Desktop\pysmell\subjects_for_metrics\Mailpile\mailpile\plugins\__init__.py,358,1,,,0,0,0
Mailpile,C:\Users\Zhifei Chen\Desktop\pysmell\subjects_for_metrics\Mailpile\mailpile\plugins\__init__.py,366,1,,,0,0,0
Mailpile,C:\Users\Zhifei Chen\Desktop\pysmell\subjects_for_metrics\Mailpile\mailpile\plugins\__init__.py,367,1,,,0,0,0
Mailpile,C:\Users\Zhifei Chen\Desktop\pysmell\subjects_for_metrics\Mailpile\mailpile\plugins\__init__.py,378,1,,,0,0,0
Mailpile,C:\Users\Zhifei Chen\Desktop\pysmell\subjects_for_metrics\Mailpile\mailpile\plugins\__init__.py,380,1,,,0,0,0
Mailpile,C:\Users\Zhifei Chen\Desktop\pysmell\subjects_for_metrics\Mailpile\mailpile\plugins\__init__.py,381,1,,,0,0,0
Mailpile,C:\Users\Zhifei Chen\Desktop\pysmell\subjects_for_metrics\Mailpile\mailpile\plugins\__init__.py,392,,2,1,0,0,0
Mailpile,C:\Users\Zhifei Chen\Desktop\pysmell\subjects_for_metrics\Mailpile\mailpile\plugins\__init__.py,399,1,,,0,0,0
Mailpile,C:\Users\Zhifei Chen\Desktop\pysmell\subjects_for_metrics\Mailpile\mailpile\plugins\__init__.py,404,,2,1,0,0,0
Mailpile,C:\Users\Zhifei Chen\Desktop\pysmell\subjects_for_metrics\Mailpile\mailpile\plugins\__init__.py,414,,2,1,0,0,0
Mailpile,C:\Users\Zhifei Chen\Desktop\pysmell\subjects_for_metrics\Mailpile\mailpile\plugins\__init__.py,423,1,,,0,0,0
Mailpile,C:\Users\Zhifei Chen\Desktop\pysmell\subjects_for_metrics\Mailpile\mailpile\plugins\__init__.py,423,1,,,0,0,0
Mailpile,C:\Users\Zhifei Chen\Desktop\pysmell\subjects_for_metrics\Mailpile\mailpile\plugins\__init__.py,436,1,,,0,0,0
Mailpile,C:\Users\Zhifei Chen\Desktop\pysmell\subjects_for_metrics\Mailpile\mailpile\plugins\__init__.py,438,1,,,0,0,0
Mailpile,C:\Users\Zhifei Chen\Desktop\pysmell\subjects_for_metrics\Mailpile\mailpile\plugins\__init__.py,440,1,,,0,0,0
Mailpile,C:\Users\Zhifei Chen\Desktop\pysmell\subjects_for_metrics\Mailpile\mailpile\plugins\__init__.py,442,2,,,0,0,0
Mailpile,C:\Users\Zhifei Chen\Desktop\pysmell\subjects_for_metrics\Mailpile\mailpile\plugins\__init__.py,461,2,,,0,0,0
Mailpile,C:\Users\Zhifei Chen\Desktop\pysmell\subjects_for_metrics\Mailpile\mailpile\plugins\__init__.py,465,1,,,0,0,0
Mailpile,C:\Users\Zhifei Chen\Desktop\pysmell\subjects_for_metrics\Mailpile\mailpile\plugins\__init__.py,465,2,,,0,0,0
Mailpile,C:\Users\Zhifei Chen\Desktop\pysmell\subjects_for_metrics\Mailpile\mailpile\plugins\__init__.py,466,2,,,0,0,0
Mailpile,C:\Users\Zhifei Chen\Desktop\pysmell\subjects_for_metrics\Mailpile\mailpile\plugins\__init__.py,469,2,,,0,0,0
Mailpile,C:\Users\Zhifei Chen\Desktop\pysmell\subjects_for_metrics\Mailpile\mailpile\plugins\__init__.py,474,1,,,0,0,0
Mailpile,C:\Users\Zhifei Chen\Desktop\pysmell\subjects_for_metrics\Mailpile\mailpile\plugins\__init__.py,486,2,,,0,0,0
Mailpile,C:\Users\Zhifei Chen\Desktop\pysmell\subjects_for_metrics\Mailpile\mailpile\plugins\__init__.py,491,1,,,0,0,0
Mailpile,C:\Users\Zhifei Chen\Desktop\pysmell\subjects_for_metrics\Mailpile\mailpile\plugins\__init__.py,501,2,,,0,0,0
Mailpile,C:\Users\Zhifei Chen\Desktop\pysmell\subjects_for_metrics\Mailpile\mailpile\plugins\__init__.py,505,1,,,0,0,0
Mailpile,C:\Users\Zhifei Chen\Desktop\pysmell\subjects_for_metrics\Mailpile\mailpile\plugins\__init__.py,518,1,,,0,0,0
Mailpile,C:\Users\Zhifei Chen\Desktop\pysmell\subjects_for_metrics\Mailpile\mailpile\plugins\__init__.py,529,1,,,0,0,0
Mailpile,C:\Users\Zhifei Chen\Desktop\pysmell\subjects_for_metrics\Mailpile\mailpile\plugins\__init__.py,605,1,,,0,0,0
Mailpile,C:\Users\Zhifei Chen\Desktop\pysmell\subjects_for_metrics\Mailpile\mailpile\plugins\__init__.py,615,1,,,0,0,0
Mailpile,C:\Users\Zhifei Chen\Desktop\pysmell\subjects_for_metrics\Mailpile\mailpile\plugins\__init__.py,618,1,,,0,0,0
Mailpile,C:\Users\Zhifei Chen\Desktop\pysmell\subjects_for_metrics\Mailpile\mailpile\plugins\__init__.py,623,1,,,0,0,0
Mailpile,C:\Users\Zhifei Chen\Desktop\pysmell\subjects_for_metrics\Mailpile\mailpile\plugins\__init__.py,627,1,,,0,0,0
Mailpile,C:\Users\Zhifei Chen\Desktop\pysmell\subjects_for_metrics\Mailpile\mailpile\plugins\__init__.py,648,,2,1,0,0,0
Mailpile,C:\Users\Zhifei Chen\Desktop\pysmell\subjects_for_metrics\Mailpile\mailpile\plugins\__init__.py,655,,2,1,0,0,0
Mailpile,C:\Users\Zhifei Chen\Desktop\pysmell\subjects_for_metrics\Mailpile\mailpile\plugins\__init__.py,657,1,,,0,0,0
Mailpile,C:\Users\Zhifei Chen\Desktop\pysmell\subjects_for_metrics\Mailpile\mailpile\plugins\__init__.py,686,1,,,0,0,0
Mailpile,C:\Users\Zhifei Chen\Desktop\pysmell\subjects_for_metrics\Mailpile\mailpile\plugins\__init__.py,691,1,,,0,0,0
Mailpile,C:\Users\Zhifei Chen\Desktop\pysmell\subjects_for_metrics\Mailpile\mailpile\plugins\__init__.py,723,1,,,0,0,0
Mailpile,C:\Users\Zhifei Chen\Desktop\pysmell\subjects_for_metrics\Mailpile\mailpile\plugins\__init__.py,726,1,,,0,0,0
Mailpile,C:\Users\Zhifei Chen\Desktop\pysmell\subjects_for_metrics\Mailpile\mailpile\plugins\__init__.py,731,1,,,0,0,0
Mailpile,C:\Users\Zhifei Chen\Desktop\pysmell\subjects_for_metrics\Mailpile\mailpile\plugins\__init__.py,740,1,,,0,0,0
Mailpile,C:\Users\Zhifei Chen\Desktop\pysmell\subjects_for_metrics\Mailpile\mailpile\plugins\__init__.py,746,,2,1,0,0,0
Mailpile,C:\Users\Zhifei Chen\Desktop\pysmell\subjects_for_metrics\Mailpile\mailpile\plugins\__init__.py,759,1,,,0,0,0
Mailpile,C:\Users\Zhifei Chen\Desktop\pysmell\subjects_for_metrics\Mailpile\mailpile\plugins\__init__.py,772,1,,,0,0,0
Mailpile,C:\Users\Zhifei Chen\Desktop\pysmell\subjects_for_metrics\Mailpile\mailpile\plugins\__init__.py,773,1,,,0,0,0
Mailpile,C:\Users\Zhifei Chen\Desktop\pysmell\subjects_for_metrics\Mailpile\mailpile\plugins\__init__.py,780,1,,,0,0,0
Mailpile,C:\Users\Zhifei Chen\Desktop\pysmell\subjects_for_metrics\Mailpile\mailpile\plugins\__init__.py,781,1,,,0,0,0
Mailpile,C:\Users\Zhifei Chen\Desktop\pysmell\subjects_for_metrics\Mailpile\mailpile\plugins\keylookup\dnspka.py,47,1,,,0,0,0
Mailpile,C:\Users\Zhifei Chen\Desktop\pysmell\subjects_for_metrics\Mailpile\mailpile\plugins\keylookup\dnspka.py,49,1,,,0,0,0
Mailpile,C:\Users\Zhifei Chen\Desktop\pysmell\subjects_for_metrics\Mailpile\mailpile\plugins\keylookup\dnspka.py,71,,2,1,0,0,0
Mailpile,C:\Users\Zhifei Chen\Desktop\pysmell\subjects_for_metrics\Mailpile\mailpile\plugins\keylookup\dnspka.py,74,1,,,0,0,0
Mailpile,C:\Users\Zhifei Chen\Desktop\pysmell\subjects_for_metrics\Mailpile\mailpile\plugins\keylookup\dnspka.py,74,1,,,0,0,0
Mailpile,C:\Users\Zhifei Chen\Desktop\pysmell\subjects_for_metrics\Mailpile\mailpile\plugins\keylookup\dnspka.py,75,1,,,0,0,0
Mailpile,C:\Users\Zhifei Chen\Desktop\pysmell\subjects_for_metrics\Mailpile\mailpile\plugins\keylookup\dnspka.py,76,1,,,0,0,0
Mailpile,C:\Users\Zhifei Chen\Desktop\pysmell\subjects_for_metrics\Mailpile\mailpile\plugins\keylookup\dnspka.py,78,1,,,0,0,0
Mailpile,C:\Users\Zhifei Chen\Desktop\pysmell\subjects_for_metrics\Mailpile\mailpile\plugins\keylookup\dnspka.py,84,1,,,0,0,0
Mailpile,C:\Users\Zhifei Chen\Desktop\pysmell\subjects_for_metrics\Mailpile\mailpile\plugins\keylookup\dnspka.py,86,1,,,0,0,0
Mailpile,C:\Users\Zhifei Chen\Desktop\pysmell\subjects_for_metrics\Mailpile\mailpile\plugins\keylookup\dnspka.py,88,1,,,0,0,0
Mailpile,C:\Users\Zhifei Chen\Desktop\pysmell\subjects_for_metrics\Mailpile\mailpile\plugins\keylookup\email_keylookup.py,24,1,,,0,0,0
Mailpile,C:\Users\Zhifei Chen\Desktop\pysmell\subjects_for_metrics\Mailpile\mailpile\plugins\keylookup\email_keylookup.py,25,1,,,0,0,0
Mailpile,C:\Users\Zhifei Chen\Desktop\pysmell\subjects_for_metrics\Mailpile\mailpile\plugins\keylookup\email_keylookup.py,33,1,,,0,0,0
Mailpile,C:\Users\Zhifei Chen\Desktop\pysmell\subjects_for_metrics\Mailpile\mailpile\plugins\keylookup\email_keylookup.py,84,1,,,0,0,0
Mailpile,C:\Users\Zhifei Chen\Desktop\pysmell\subjects_for_metrics\Mailpile\mailpile\plugins\keylookup\email_keylookup.py,110,1,,,0,0,0
Mailpile,C:\Users\Zhifei Chen\Desktop\pysmell\subjects_for_metrics\Mailpile\mailpile\plugins\keylookup\email_keylookup.py,114,1,,,0,0,0
Mailpile,C:\Users\Zhifei Chen\Desktop\pysmell\subjects_for_metrics\Mailpile\mailpile\plugins\keylookup\email_keylookup.py,117,1,,,0,0,0
Mailpile,C:\Users\Zhifei Chen\Desktop\pysmell\subjects_for_metrics\Mailpile\mailpile\plugins\keylookup\email_keylookup.py,117,1,,,0,0,0
Mailpile,C:\Users\Zhifei Chen\Desktop\pysmell\subjects_for_metrics\Mailpile\mailpile\plugins\keylookup\email_keylookup.py,123,1,,,0,0,0
Mailpile,C:\Users\Zhifei Chen\Desktop\pysmell\subjects_for_metrics\Mailpile\mailpile\plugins\keylookup\email_keylookup.py,133,1,,,0,0,0
Mailpile,C:\Users\Zhifei Chen\Desktop\pysmell\subjects_for_metrics\Mailpile\mailpile\plugins\keylookup\email_keylookup.py,136,1,,,0,0,0
Mailpile,C:\Users\Zhifei Chen\Desktop\pysmell\subjects_for_metrics\Mailpile\mailpile\plugins\keylookup\email_keylookup.py,136,1,,,0,0,0
Mailpile,C:\Users\Zhifei Chen\Desktop\pysmell\subjects_for_metrics\Mailpile\mailpile\plugins\keylookup\email_keylookup.py,137,1,,,0,0,0
Mailpile,C:\Users\Zhifei Chen\Desktop\pysmell\subjects_for_metrics\Mailpile\mailpile\plugins\keylookup\email_keylookup.py,140,1,,,0,0,0
Mailpile,C:\Users\Zhifei Chen\Desktop\pysmell\subjects_for_metrics\Mailpile\mailpile\plugins\keylookup\email_keylookup.py,140,1,,,0,0,0
Mailpile,C:\Users\Zhifei Chen\Desktop\pysmell\subjects_for_metrics\Mailpile\mailpile\plugins\keylookup\email_keylookup.py,143,1,,,0,0,0
Mailpile,C:\Users\Zhifei Chen\Desktop\pysmell\subjects_for_metrics\Mailpile\mailpile\plugins\keylookup\email_keylookup.py,155,1,,,0,0,0
Mailpile,C:\Users\Zhifei Chen\Desktop\pysmell\subjects_for_metrics\Mailpile\mailpile\plugins\keylookup\email_keylookup.py,157,1,,,0,0,0
Mailpile,C:\Users\Zhifei Chen\Desktop\pysmell\subjects_for_metrics\Mailpile\mailpile\plugins\keylookup\nicknym.py,78,1,,,0,0,0
Mailpile,C:\Users\Zhifei Chen\Desktop\pysmell\subjects_for_metrics\Mailpile\mailpile\plugins\keylookup\nicknym.py,79,1,,,0,0,0
Mailpile,C:\Users\Zhifei Chen\Desktop\pysmell\subjects_for_metrics\Mailpile\mailpile\plugins\keylookup\nicknym.py,80,1,,,0,0,0
Mailpile,C:\Users\Zhifei Chen\Desktop\pysmell\subjects_for_metrics\Mailpile\mailpile\plugins\keylookup\nicknym.py,117,1,,,0,0,0
Mailpile,C:\Users\Zhifei Chen\Desktop\pysmell\subjects_for_metrics\Mailpile\mailpile\plugins\keylookup\nicknym.py,168,1,,,0,0,0
Mailpile,C:\Users\Zhifei Chen\Desktop\pysmell\subjects_for_metrics\Mailpile\mailpile\plugins\keylookup\nicknym.py,172,1,,,0,0,0
Mailpile,C:\Users\Zhifei Chen\Desktop\pysmell\subjects_for_metrics\Mailpile\mailpile\plugins\keylookup\nicknym.py,177,1,,,0,0,0
Mailpile,C:\Users\Zhifei Chen\Desktop\pysmell\subjects_for_metrics\Mailpile\mailpile\plugins\keylookup\__init__.py,44,1,,,0,0,0
Mailpile,C:\Users\Zhifei Chen\Desktop\pysmell\subjects_for_metrics\Mailpile\mailpile\plugins\keylookup\__init__.py,44,,2,1,0,0,0
Mailpile,C:\Users\Zhifei Chen\Desktop\pysmell\subjects_for_metrics\Mailpile\mailpile\plugins\keylookup\__init__.py,52,2,,,0,0,0
Mailpile,C:\Users\Zhifei Chen\Desktop\pysmell\subjects_for_metrics\Mailpile\mailpile\plugins\keylookup\__init__.py,58,1,,,0,0,0
Mailpile,C:\Users\Zhifei Chen\Desktop\pysmell\subjects_for_metrics\Mailpile\mailpile\plugins\keylookup\__init__.py,59,1,,,0,0,0
Mailpile,C:\Users\Zhifei Chen\Desktop\pysmell\subjects_for_metrics\Mailpile\mailpile\plugins\keylookup\__init__.py,60,2,,,0,0,0
Mailpile,C:\Users\Zhifei Chen\Desktop\pysmell\subjects_for_metrics\Mailpile\mailpile\plugins\keylookup\__init__.py,63,1,,,0,0,0
Mailpile,C:\Users\Zhifei Chen\Desktop\pysmell\subjects_for_metrics\Mailpile\mailpile\plugins\keylookup\__init__.py,65,1,,,0,0,0
Mailpile,C:\Users\Zhifei Chen\Desktop\pysmell\subjects_for_metrics\Mailpile\mailpile\plugins\keylookup\__init__.py,76,2,,,0,0,0
Mailpile,C:\Users\Zhifei Chen\Desktop\pysmell\subjects_for_metrics\Mailpile\mailpile\plugins\keylookup\__init__.py,79,1,,,0,0,0
Mailpile,C:\Users\Zhifei Chen\Desktop\pysmell\subjects_for_metrics\Mailpile\mailpile\plugins\keylookup\__init__.py,80,1,,,0,0,0
Mailpile,C:\Users\Zhifei Chen\Desktop\pysmell\subjects_for_metrics\Mailpile\mailpile\plugins\keylookup\__init__.py,82,1,,,0,0,0
Mailpile,C:\Users\Zhifei Chen\Desktop\pysmell\subjects_for_metrics\Mailpile\mailpile\plugins\keylookup\__init__.py,83,1,,,0,0,0
Mailpile,C:\Users\Zhifei Chen\Desktop\pysmell\subjects_for_metrics\Mailpile\mailpile\plugins\keylookup\__init__.py,84,1,,,0,0,0
Mailpile,C:\Users\Zhifei Chen\Desktop\pysmell\subjects_for_metrics\Mailpile\mailpile\plugins\keylookup\__init__.py,90,1,,,0,0,0
Mailpile,C:\Users\Zhifei Chen\Desktop\pysmell\subjects_for_metrics\Mailpile\mailpile\plugins\keylookup\__init__.py,90,,2,1,0,0,0
Mailpile,C:\Users\Zhifei Chen\Desktop\pysmell\subjects_for_metrics\Mailpile\mailpile\plugins\keylookup\__init__.py,92,1,,,0,0,0
Mailpile,C:\Users\Zhifei Chen\Desktop\pysmell\subjects_for_metrics\Mailpile\mailpile\plugins\keylookup\__init__.py,93,1,,,0,0,0
Mailpile,C:\Users\Zhifei Chen\Desktop\pysmell\subjects_for_metrics\Mailpile\mailpile\plugins\keylookup\__init__.py,94,1,,,0,0,0
Mailpile,C:\Users\Zhifei Chen\Desktop\pysmell\subjects_for_metrics\Mailpile\mailpile\plugins\keylookup\__init__.py,95,1,,,0,0,0
Mailpile,C:\Users\Zhifei Chen\Desktop\pysmell\subjects_for_metrics\Mailpile\mailpile\plugins\keylookup\__init__.py,96,1,,,0,0,0
Mailpile,C:\Users\Zhifei Chen\Desktop\pysmell\subjects_for_metrics\Mailpile\mailpile\plugins\keylookup\__init__.py,97,1,,,0,0,0
Mailpile,C:\Users\Zhifei Chen\Desktop\pysmell\subjects_for_metrics\Mailpile\mailpile\plugins\keylookup\__init__.py,100,1,,,0,0,0
Mailpile,C:\Users\Zhifei Chen\Desktop\pysmell\subjects_for_metrics\Mailpile\mailpile\plugins\keylookup\__init__.py,101,2,,,0,0,0
Mailpile,C:\Users\Zhifei Chen\Desktop\pysmell\subjects_for_metrics\Mailpile\mailpile\plugins\keylookup\__init__.py,102,,2,1,0,0,0
Mailpile,C:\Users\Zhifei Chen\Desktop\pysmell\subjects_for_metrics\Mailpile\mailpile\plugins\keylookup\__init__.py,109,1,,,0,0,0
Mailpile,C:\Users\Zhifei Chen\Desktop\pysmell\subjects_for_metrics\Mailpile\mailpile\plugins\keylookup\__init__.py,122,1,,,0,0,0
Mailpile,C:\Users\Zhifei Chen\Desktop\pysmell\subjects_for_metrics\Mailpile\mailpile\plugins\keylookup\__init__.py,160,1,,,0,0,0
Mailpile,C:\Users\Zhifei Chen\Desktop\pysmell\subjects_for_metrics\Mailpile\mailpile\plugins\keylookup\__init__.py,161,1,,,0,0,0
Mailpile,C:\Users\Zhifei Chen\Desktop\pysmell\subjects_for_metrics\Mailpile\mailpile\plugins\keylookup\__init__.py,161,1,,,0,0,0
Mailpile,C:\Users\Zhifei Chen\Desktop\pysmell\subjects_for_metrics\Mailpile\mailpile\plugins\keylookup\__init__.py,162,1,,,0,0,0
Mailpile,C:\Users\Zhifei Chen\Desktop\pysmell\subjects_for_metrics\Mailpile\mailpile\plugins\keylookup\__init__.py,163,1,,,0,0,0
Mailpile,C:\Users\Zhifei Chen\Desktop\pysmell\subjects_for_metrics\Mailpile\mailpile\plugins\keylookup\__init__.py,164,2,,,0,0,0
Mailpile,C:\Users\Zhifei Chen\Desktop\pysmell\subjects_for_metrics\Mailpile\mailpile\plugins\keylookup\__init__.py,168,1,,,0,0,0
Mailpile,C:\Users\Zhifei Chen\Desktop\pysmell\subjects_for_metrics\Mailpile\mailpile\plugins\keylookup\__init__.py,169,1,,,0,0,0
Mailpile,C:\Users\Zhifei Chen\Desktop\pysmell\subjects_for_metrics\Mailpile\mailpile\plugins\keylookup\__init__.py,170,2,,,0,0,0
Mailpile,C:\Users\Zhifei Chen\Desktop\pysmell\subjects_for_metrics\Mailpile\mailpile\plugins\keylookup\__init__.py,174,2,,,0,0,0
Mailpile,C:\Users\Zhifei Chen\Desktop\pysmell\subjects_for_metrics\Mailpile\mailpile\plugins\keylookup\__init__.py,176,1,,,0,0,0
Mailpile,C:\Users\Zhifei Chen\Desktop\pysmell\subjects_for_metrics\Mailpile\mailpile\plugins\keylookup\__init__.py,177,2,,,0,0,0
Mailpile,C:\Users\Zhifei Chen\Desktop\pysmell\subjects_for_metrics\Mailpile\mailpile\plugins\keylookup\__init__.py,178,2,,,0,0,0
Mailpile,C:\Users\Zhifei Chen\Desktop\pysmell\subjects_for_metrics\Mailpile\mailpile\plugins\keylookup\__init__.py,179,1,,,0,0,0
Mailpile,C:\Users\Zhifei Chen\Desktop\pysmell\subjects_for_metrics\Mailpile\mailpile\plugins\keylookup\__init__.py,180,1,,,0,0,0
Mailpile,C:\Users\Zhifei Chen\Desktop\pysmell\subjects_for_metrics\Mailpile\mailpile\plugins\keylookup\__init__.py,184,1,,,0,0,0
Mailpile,C:\Users\Zhifei Chen\Desktop\pysmell\subjects_for_metrics\Mailpile\mailpile\plugins\keylookup\__init__.py,185,1,,,0,0,0
Mailpile,C:\Users\Zhifei Chen\Desktop\pysmell\subjects_for_metrics\Mailpile\mailpile\plugins\keylookup\__init__.py,240,1,,,0,0,0
Mailpile,C:\Users\Zhifei Chen\Desktop\pysmell\subjects_for_metrics\Mailpile\mailpile\plugins\keylookup\__init__.py,240,1,,,0,0,0
Mailpile,C:\Users\Zhifei Chen\Desktop\pysmell\subjects_for_metrics\Mailpile\mailpile\plugins\keylookup\__init__.py,240,1,,,0,0,0
Mailpile,C:\Users\Zhifei Chen\Desktop\pysmell\subjects_for_metrics\Mailpile\mailpile\plugins\keylookup\__init__.py,242,1,,,0,0,0
Mailpile,C:\Users\Zhifei Chen\Desktop\pysmell\subjects_for_metrics\Mailpile\mailpile\plugins\keylookup\__init__.py,254,1,,,0,0,0
Mailpile,C:\Users\Zhifei Chen\Desktop\pysmell\subjects_for_metrics\Mailpile\mailpile\plugins\keylookup\__init__.py,306,1,,,0,0,0
Mailpile,C:\Users\Zhifei Chen\Desktop\pysmell\subjects_for_metrics\Mailpile\mailpile\plugins\keylookup\__init__.py,311,1,,,0,0,0
Mailpile,C:\Users\Zhifei Chen\Desktop\pysmell\subjects_for_metrics\Mailpile\mailpile\plugins\keylookup\__init__.py,312,1,,,0,0,0
Mailpile,C:\Users\Zhifei Chen\Desktop\pysmell\subjects_for_metrics\Mailpile\mailpile\plugins\keylookup\__init__.py,312,,2,1,0,0,0
Mailpile,C:\Users\Zhifei Chen\Desktop\pysmell\subjects_for_metrics\Mailpile\mailpile\plugins\keylookup\__init__.py,318,1,,,0,0,0
Mailpile,C:\Users\Zhifei Chen\Desktop\pysmell\subjects_for_metrics\Mailpile\mailpile\plugins\keylookup\__init__.py,320,1,,,0,0,0
Mailpile,C:\Users\Zhifei Chen\Desktop\pysmell\subjects_for_metrics\Mailpile\mailpile\plugins\keylookup\__init__.py,350,1,,,0,0,0
Mailpile,C:\Users\Zhifei Chen\Desktop\pysmell\subjects_for_metrics\Mailpile\mailpile\plugins\keylookup\__init__.py,354,2,,,0,0,0
Mailpile,C:\Users\Zhifei Chen\Desktop\pysmell\subjects_for_metrics\Mailpile\mailpile\plugins\keylookup\__init__.py,354,1,,,0,0,0
Mailpile,C:\Users\Zhifei Chen\Desktop\pysmell\subjects_for_metrics\Mailpile\mailpile\plugins\keylookup\__init__.py,374,1,,,0,0,0
Mailpile,C:\Users\Zhifei Chen\Desktop\pysmell\subjects_for_metrics\Mailpile\mailpile\plugins\keylookup\__init__.py,375,1,,,0,0,0
Mailpile,C:\Users\Zhifei Chen\Desktop\pysmell\subjects_for_metrics\Mailpile\mailpile\plugins\keylookup\__init__.py,377,1,,,0,0,0
Mailpile,C:\Users\Zhifei Chen\Desktop\pysmell\subjects_for_metrics\Mailpile\mailpile\plugins\keylookup\__init__.py,381,1,,,0,0,0
Mailpile,C:\Users\Zhifei Chen\Desktop\pysmell\subjects_for_metrics\Mailpile\mailpile\tests\test_command.py,13,1,,,0,0,0
Mailpile,C:\Users\Zhifei Chen\Desktop\pysmell\subjects_for_metrics\Mailpile\mailpile\tests\test_command.py,18,1,,,0,0,0
Mailpile,C:\Users\Zhifei Chen\Desktop\pysmell\subjects_for_metrics\Mailpile\mailpile\tests\test_command.py,22,1,,,0,0,0
Mailpile,C:\Users\Zhifei Chen\Desktop\pysmell\subjects_for_metrics\Mailpile\mailpile\tests\test_command.py,27,2,,,0,0,0
Mailpile,C:\Users\Zhifei Chen\Desktop\pysmell\subjects_for_metrics\Mailpile\mailpile\tests\test_command.py,32,2,,,0,0,0
Mailpile,C:\Users\Zhifei Chen\Desktop\pysmell\subjects_for_metrics\Mailpile\mailpile\tests\test_command.py,36,2,,,0,0,0
Mailpile,C:\Users\Zhifei Chen\Desktop\pysmell\subjects_for_metrics\Mailpile\mailpile\tests\test_command.py,40,1,,,0,0,0
Mailpile,C:\Users\Zhifei Chen\Desktop\pysmell\subjects_for_metrics\Mailpile\mailpile\tests\test_command.py,44,1,,,0,0,0
Mailpile,C:\Users\Zhifei Chen\Desktop\pysmell\subjects_for_metrics\Mailpile\mailpile\tests\test_command.py,48,1,,,0,0,0
Mailpile,C:\Users\Zhifei Chen\Desktop\pysmell\subjects_for_metrics\Mailpile\mailpile\tests\test_command.py,56,1,,,0,0,0
Mailpile,C:\Users\Zhifei Chen\Desktop\pysmell\subjects_for_metrics\Mailpile\mailpile\tests\test_command.py,60,1,,,0,0,0
Mailpile,C:\Users\Zhifei Chen\Desktop\pysmell\subjects_for_metrics\Mailpile\mailpile\tests\test_command.py,69,1,,,0,0,0
Mailpile,C:\Users\Zhifei Chen\Desktop\pysmell\subjects_for_metrics\Mailpile\mailpile\tests\test_command.py,71,2,,,0,0,0
Mailpile,C:\Users\Zhifei Chen\Desktop\pysmell\subjects_for_metrics\Mailpile\mailpile\tests\test_command.py,76,2,,,0,0,0
Mailpile,C:\Users\Zhifei Chen\Desktop\pysmell\subjects_for_metrics\Mailpile\mailpile\tests\test_command.py,76,2,,,0,0,0
Mailpile,C:\Users\Zhifei Chen\Desktop\pysmell\subjects_for_metrics\Mailpile\mailpile\tests\test_command.py,79,2,,,0,0,0
Mailpile,C:\Users\Zhifei Chen\Desktop\pysmell\subjects_for_metrics\Mailpile\mailpile\tests\test_command.py,79,2,,,0,0,0
Mailpile,C:\Users\Zhifei Chen\Desktop\pysmell\subjects_for_metrics\Mailpile\mailpile\tests\test_command.py,84,2,,,0,0,0
Mailpile,C:\Users\Zhifei Chen\Desktop\pysmell\subjects_for_metrics\Mailpile\mailpile\tests\test_command.py,84,2,,,0,0,0
Mailpile,C:\Users\Zhifei Chen\Desktop\pysmell\subjects_for_metrics\Mailpile\mailpile\tests\test_command.py,87,2,,,0,0,0
Mailpile,C:\Users\Zhifei Chen\Desktop\pysmell\subjects_for_metrics\Mailpile\mailpile\tests\test_command.py,87,2,,,0,0,0
Mailpile,C:\Users\Zhifei Chen\Desktop\pysmell\subjects_for_metrics\Mailpile\mailpile\tests\test_command.py,92,2,,,0,0,0
Mailpile,C:\Users\Zhifei Chen\Desktop\pysmell\subjects_for_metrics\Mailpile\mailpile\tests\test_command.py,92,2,,,0,0,0
Mailpile,C:\Users\Zhifei Chen\Desktop\pysmell\subjects_for_metrics\Mailpile\mailpile\tests\test_command.py,95,2,,,0,0,0
Mailpile,C:\Users\Zhifei Chen\Desktop\pysmell\subjects_for_metrics\Mailpile\mailpile\tests\test_command.py,95,2,,,0,0,0
Mailpile,C:\Users\Zhifei Chen\Desktop\pysmell\subjects_for_metrics\Mailpile\mailpile\tests\test_command.py,100,2,,,0,0,0
Mailpile,C:\Users\Zhifei Chen\Desktop\pysmell\subjects_for_metrics\Mailpile\mailpile\tests\test_command.py,100,2,,,0,0,0
Mailpile,C:\Users\Zhifei Chen\Desktop\pysmell\subjects_for_metrics\Mailpile\mailpile\tests\test_command.py,103,2,,,0,0,0
Mailpile,C:\Users\Zhifei Chen\Desktop\pysmell\subjects_for_metrics\Mailpile\mailpile\tests\test_command.py,103,2,,,0,0,0
Mailpile,C:\Users\Zhifei Chen\Desktop\pysmell\subjects_for_metrics\Mailpile\mailpile\tests\test_command.py,108,2,,,0,0,0
Mailpile,C:\Users\Zhifei Chen\Desktop\pysmell\subjects_for_metrics\Mailpile\mailpile\tests\test_command.py,108,2,,,0,0,0
Mailpile,C:\Users\Zhifei Chen\Desktop\pysmell\subjects_for_metrics\Mailpile\mailpile\tests\test_command.py,111,2,,,0,0,0
Mailpile,C:\Users\Zhifei Chen\Desktop\pysmell\subjects_for_metrics\Mailpile\mailpile\tests\test_command.py,111,2,,,0,0,0
Mailpile,C:\Users\Zhifei Chen\Desktop\pysmell\subjects_for_metrics\Mailpile\mailpile\tests\test_command.py,126,1,,,0,0,0
Mailpile,C:\Users\Zhifei Chen\Desktop\pysmell\subjects_for_metrics\Mailpile\mailpile\tests\test_command.py,127,1,,,0,0,0
Mailpile,C:\Users\Zhifei Chen\Desktop\pysmell\subjects_for_metrics\Mailpile\mailpile\tests\test_command.py,128,1,,,0,0,0
Mailpile,C:\Users\Zhifei Chen\Desktop\pysmell\subjects_for_metrics\Mailpile\mailpile\tests\test_command.py,150,,4,1,0,0,0
Mailpile,C:\Users\Zhifei Chen\Desktop\pysmell\subjects_for_metrics\Mailpile\mailpile\tests\test_command.py,164,4,,,1,1,1
Mailpile,C:\Users\Zhifei Chen\Desktop\pysmell\subjects_for_metrics\Mailpile\mailpile\tests\test_command.py,169,,3,1,0,0,0
Mailpile,C:\Users\Zhifei Chen\Desktop\pysmell\subjects_for_metrics\Mailpile\mailpile\tests\test_command.py,181,4,,,1,1,1
Mailpile,C:\Users\Zhifei Chen\Desktop\pysmell\subjects_for_metrics\Mailpile\mailpile\tests\test_command.py,188,2,,,0,0,0
Mailpile,C:\Users\Zhifei Chen\Desktop\pysmell\subjects_for_metrics\Mailpile\mailpile\tests\test_config.py,31,,2,1,0,0,0
Mailpile,C:\Users\Zhifei Chen\Desktop\pysmell\subjects_for_metrics\Mailpile\mailpile\tests\test_config.py,38,1,,,0,0,0
Mailpile,C:\Users\Zhifei Chen\Desktop\pysmell\subjects_for_metrics\Mailpile\mailpile\tests\test_config.py,39,1,,,0,0,0
Mailpile,C:\Users\Zhifei Chen\Desktop\pysmell\subjects_for_metrics\Mailpile\mailpile\tests\test_config.py,157,,3,1,0,0,0
Mailpile,C:\Users\Zhifei Chen\Desktop\pysmell\subjects_for_metrics\Mailpile\mailpile\tests\test_config.py,162,1,,,0,0,0
Mailpile,C:\Users\Zhifei Chen\Desktop\pysmell\subjects_for_metrics\Mailpile\mailpile\tests\test_config.py,163,1,,,0,0,0
Mailpile,C:\Users\Zhifei Chen\Desktop\pysmell\subjects_for_metrics\Mailpile\mailpile\tests\test_config.py,164,1,,,0,0,0
Mailpile,C:\Users\Zhifei Chen\Desktop\pysmell\subjects_for_metrics\Mailpile\mailpile\tests\test_config.py,167,,2,1,0,0,0
Mailpile,C:\Users\Zhifei Chen\Desktop\pysmell\subjects_for_metrics\Mailpile\mailpile\tests\test_config.py,170,1,,,0,0,0
Mailpile,C:\Users\Zhifei Chen\Desktop\pysmell\subjects_for_metrics\Mailpile\mailpile\tests\test_config.py,177,,3,1,0,0,0
Mailpile,C:\Users\Zhifei Chen\Desktop\pysmell\subjects_for_metrics\Mailpile\mailpile\tests\test_config.py,182,1,,,0,0,0
Mailpile,C:\Users\Zhifei Chen\Desktop\pysmell\subjects_for_metrics\Mailpile\mailpile\tests\test_config.py,183,1,,,0,0,0
Mailpile,C:\Users\Zhifei Chen\Desktop\pysmell\subjects_for_metrics\Mailpile\mailpile\tests\test_config.py,184,1,,,0,0,0
Mailpile,C:\Users\Zhifei Chen\Desktop\pysmell\subjects_for_metrics\Mailpile\mailpile\tests\test_config.py,187,,2,1,0,0,0
Mailpile,C:\Users\Zhifei Chen\Desktop\pysmell\subjects_for_metrics\Mailpile\mailpile\tests\test_config.py,190,1,,,0,0,0
Mailpile,C:\Users\Zhifei Chen\Desktop\pysmell\subjects_for_metrics\Mailpile\mailpile\tests\test_config.py,197,,3,1,0,0,0
Mailpile,C:\Users\Zhifei Chen\Desktop\pysmell\subjects_for_metrics\Mailpile\mailpile\tests\test_config.py,202,1,,,0,0,0
Mailpile,C:\Users\Zhifei Chen\Desktop\pysmell\subjects_for_metrics\Mailpile\mailpile\tests\test_config.py,203,1,,,0,0,0
Mailpile,C:\Users\Zhifei Chen\Desktop\pysmell\subjects_for_metrics\Mailpile\mailpile\tests\test_config.py,204,1,,,0,0,0
Mailpile,C:\Users\Zhifei Chen\Desktop\pysmell\subjects_for_metrics\Mailpile\mailpile\tests\test_config.py,207,,2,1,0,0,0
Mailpile,C:\Users\Zhifei Chen\Desktop\pysmell\subjects_for_metrics\Mailpile\mailpile\tests\test_config.py,210,1,,,0,0,0
Mailpile,C:\Users\Zhifei Chen\Desktop\pysmell\subjects_for_metrics\Mailpile\mailpile\tests\test_config.py,217,,3,1,0,0,0
Mailpile,C:\Users\Zhifei Chen\Desktop\pysmell\subjects_for_metrics\Mailpile\mailpile\tests\test_config.py,223,1,,,0,0,0
Mailpile,C:\Users\Zhifei Chen\Desktop\pysmell\subjects_for_metrics\Mailpile\mailpile\tests\test_config.py,224,1,,,0,0,0
Mailpile,C:\Users\Zhifei Chen\Desktop\pysmell\subjects_for_metrics\Mailpile\mailpile\tests\test_config.py,225,1,,,0,0,0
Mailpile,C:\Users\Zhifei Chen\Desktop\pysmell\subjects_for_metrics\Mailpile\mailpile\tests\test_config.py,228,,2,1,0,0,0
Mailpile,C:\Users\Zhifei Chen\Desktop\pysmell\subjects_for_metrics\Mailpile\mailpile\tests\test_config.py,231,1,,,0,0,0
Mailpile,C:\Users\Zhifei Chen\Desktop\pysmell\subjects_for_metrics\Mailpile\mailpile\tests\test_crypto_policy.py,22,1,,,0,0,0
Mailpile,C:\Users\Zhifei Chen\Desktop\pysmell\subjects_for_metrics\Mailpile\mailpile\tests\test_crypto_policy.py,24,1,,,0,0,0
Mailpile,C:\Users\Zhifei Chen\Desktop\pysmell\subjects_for_metrics\Mailpile\mailpile\tests\test_crypto_policy.py,33,1,,,0,0,0
Mailpile,C:\Users\Zhifei Chen\Desktop\pysmell\subjects_for_metrics\Mailpile\mailpile\tests\test_crypto_policy.py,37,1,,,0,0,0
Mailpile,C:\Users\Zhifei Chen\Desktop\pysmell\subjects_for_metrics\Mailpile\mailpile\tests\test_crypto_policy.py,39,1,,,0,0,0
Mailpile,C:\Users\Zhifei Chen\Desktop\pysmell\subjects_for_metrics\Mailpile\mailpile\tests\test_crypto_policy.py,43,1,,,0,0,0
Mailpile,C:\Users\Zhifei Chen\Desktop\pysmell\subjects_for_metrics\Mailpile\mailpile\tests\test_crypto_policy.py,44,1,,,0,0,0
Mailpile,C:\Users\Zhifei Chen\Desktop\pysmell\subjects_for_metrics\Mailpile\mailpile\tests\test_crypto_policy.py,56,1,,,0,0,0
Mailpile,C:\Users\Zhifei Chen\Desktop\pysmell\subjects_for_metrics\Mailpile\mailpile\tests\test_crypto_policy.py,60,1,,,0,0,0
Mailpile,C:\Users\Zhifei Chen\Desktop\pysmell\subjects_for_metrics\Mailpile\mailpile\tests\test_crypto_policy.py,61,2,,,0,0,0
Mailpile,C:\Users\Zhifei Chen\Desktop\pysmell\subjects_for_metrics\Mailpile\mailpile\tests\test_crypto_policy.py,65,1,,,0,0,0
Mailpile,C:\Users\Zhifei Chen\Desktop\pysmell\subjects_for_metrics\Mailpile\mailpile\tests\test_crypto_policy.py,66,2,,,0,0,0
Mailpile,C:\Users\Zhifei Chen\Desktop\pysmell\subjects_for_metrics\Mailpile\mailpile\tests\test_crypto_policy.py,70,1,,,0,0,0
Mailpile,C:\Users\Zhifei Chen\Desktop\pysmell\subjects_for_metrics\Mailpile\mailpile\tests\test_crypto_policy.py,71,2,,,0,0,0
Mailpile,C:\Users\Zhifei Chen\Desktop\pysmell\subjects_for_metrics\Mailpile\mailpile\tests\test_crypto_policy.py,79,1,,,0,0,0
Mailpile,C:\Users\Zhifei Chen\Desktop\pysmell\subjects_for_metrics\Mailpile\mailpile\tests\test_crypto_policy.py,80,2,,,0,0,0
Mailpile,C:\Users\Zhifei Chen\Desktop\pysmell\subjects_for_metrics\Mailpile\mailpile\tests\test_eventlog.py,77,,2,1,0,0,0
Mailpile,C:\Users\Zhifei Chen\Desktop\pysmell\subjects_for_metrics\Mailpile\mailpile\tests\test_eventlog.py,93,1,,,0,0,0
Mailpile,C:\Users\Zhifei Chen\Desktop\pysmell\subjects_for_metrics\Mailpile\mailpile\tests\test_eventlog.py,94,1,,,0,0,0
Mailpile,C:\Users\Zhifei Chen\Desktop\pysmell\subjects_for_metrics\Mailpile\mailpile\tests\test_eventlog.py,95,1,,,0,0,0
Mailpile,C:\Users\Zhifei Chen\Desktop\pysmell\subjects_for_metrics\Mailpile\mailpile\tests\test_eventlog.py,96,1,,,0,0,0
Mailpile,C:\Users\Zhifei Chen\Desktop\pysmell\subjects_for_metrics\Mailpile\mailpile\tests\test_eventlog.py,97,1,,,0,0,0
Mailpile,C:\Users\Zhifei Chen\Desktop\pysmell\subjects_for_metrics\Mailpile\mailpile\tests\test_eventlog.py,98,1,,,0,0,0
Mailpile,C:\Users\Zhifei Chen\Desktop\pysmell\subjects_for_metrics\Mailpile\mailpile\tests\test_eventlog.py,99,1,,,0,0,0
Mailpile,C:\Users\Zhifei Chen\Desktop\pysmell\subjects_for_metrics\Mailpile\mailpile\tests\test_eventlog.py,100,1,,,0,0,0
Mailpile,C:\Users\Zhifei Chen\Desktop\pysmell\subjects_for_metrics\Mailpile\mailpile\tests\test_eventlog.py,114,1,,,0,0,0
Mailpile,C:\Users\Zhifei Chen\Desktop\pysmell\subjects_for_metrics\Mailpile\mailpile\tests\test_eventlog.py,115,1,,,0,0,0
Mailpile,C:\Users\Zhifei Chen\Desktop\pysmell\subjects_for_metrics\Mailpile\mailpile\tests\test_eventlog.py,116,1,,,0,0,0
Mailpile,C:\Users\Zhifei Chen\Desktop\pysmell\subjects_for_metrics\Mailpile\mailpile\tests\test_eventlog.py,117,1,,,0,0,0
Mailpile,C:\Users\Zhifei Chen\Desktop\pysmell\subjects_for_metrics\Mailpile\mailpile\tests\test_eventlog.py,118,1,,,0,0,0
Mailpile,C:\Users\Zhifei Chen\Desktop\pysmell\subjects_for_metrics\Mailpile\mailpile\tests\test_eventlog.py,119,1,,,0,0,0
Mailpile,C:\Users\Zhifei Chen\Desktop\pysmell\subjects_for_metrics\Mailpile\mailpile\tests\test_eventlog.py,120,1,,,0,0,0
Mailpile,C:\Users\Zhifei Chen\Desktop\pysmell\subjects_for_metrics\Mailpile\mailpile\tests\test_eventlog.py,121,1,,,0,0,0
Mailpile,C:\Users\Zhifei Chen\Desktop\pysmell\subjects_for_metrics\Mailpile\mailpile\tests\test_keylookup.py,11,,4,1,0,0,0
Mailpile,C:\Users\Zhifei Chen\Desktop\pysmell\subjects_for_metrics\Mailpile\mailpile\tests\test_keylookup.py,23,,3,1,0,0,0
Mailpile,C:\Users\Zhifei Chen\Desktop\pysmell\subjects_for_metrics\Mailpile\mailpile\tests\test_keylookup.py,43,2,,,0,0,0
Mailpile,C:\Users\Zhifei Chen\Desktop\pysmell\subjects_for_metrics\Mailpile\mailpile\tests\test_keylookup.py,44,2,,,0,0,0
Mailpile,C:\Users\Zhifei Chen\Desktop\pysmell\subjects_for_metrics\Mailpile\mailpile\tests\test_keylookup.py,58,1,,,0,0,0
Mailpile,C:\Users\Zhifei Chen\Desktop\pysmell\subjects_for_metrics\Mailpile\mailpile\tests\test_keylookup.py,70,1,,,0,0,0
Mailpile,C:\Users\Zhifei Chen\Desktop\pysmell\subjects_for_metrics\Mailpile\mailpile\tests\test_performance.py,10,1,,,0,0,0
Mailpile,C:\Users\Zhifei Chen\Desktop\pysmell\subjects_for_metrics\Mailpile\mailpile\tests\test_performance.py,15,1,,,0,0,0
Mailpile,C:\Users\Zhifei Chen\Desktop\pysmell\subjects_for_metrics\Mailpile\mailpile\tests\test_plugin.py,40,2,,,0,0,0
Mailpile,C:\Users\Zhifei Chen\Desktop\pysmell\subjects_for_metrics\Mailpile\mailpile\tests\test_plugin.py,66,1,,,0,0,0
Mailpile,C:\Users\Zhifei Chen\Desktop\pysmell\subjects_for_metrics\Mailpile\mailpile\tests\test_plugin.py,67,1,,,0,0,0
Mailpile,C:\Users\Zhifei Chen\Desktop\pysmell\subjects_for_metrics\Mailpile\mailpile\tests\test_plugin.py,68,1,,,0,0,0
Mailpile,C:\Users\Zhifei Chen\Desktop\pysmell\subjects_for_metrics\Mailpile\mailpile\tests\test_plugin.py,68,,2,1,0,0,0
Mailpile,C:\Users\Zhifei Chen\Desktop\pysmell\subjects_for_metrics\Mailpile\mailpile\tests\test_search.py,10,1,,,0,0,0
Mailpile,C:\Users\Zhifei Chen\Desktop\pysmell\subjects_for_metrics\Mailpile\mailpile\tests\test_ui.py,52,1,,,0,0,0
Mailpile,C:\Users\Zhifei Chen\Desktop\pysmell\subjects_for_metrics\Mailpile\mailpile\tests\test_ui.py,54,1,,,0,0,0
Mailpile,C:\Users\Zhifei Chen\Desktop\pysmell\subjects_for_metrics\Mailpile\mailpile\tests\test_ui.py,59,1,,,0,0,0
Mailpile,C:\Users\Zhifei Chen\Desktop\pysmell\subjects_for_metrics\Mailpile\mailpile\tests\test_ui.py,59,1,,,0,0,0
Mailpile,C:\Users\Zhifei Chen\Desktop\pysmell\subjects_for_metrics\Mailpile\mailpile\tests\test_ui.py,94,1,,,0,0,0
Mailpile,C:\Users\Zhifei Chen\Desktop\pysmell\subjects_for_metrics\Mailpile\mailpile\tests\test_vcard.py,51,1,,,0,0,0
Mailpile,C:\Users\Zhifei Chen\Desktop\pysmell\subjects_for_metrics\Mailpile\mailpile\tests\test_vcard.py,52,2,,,0,0,0
Mailpile,C:\Users\Zhifei Chen\Desktop\pysmell\subjects_for_metrics\Mailpile\mailpile\tests\test_vcard.py,53,1,,,0,0,0
Mailpile,C:\Users\Zhifei Chen\Desktop\pysmell\subjects_for_metrics\Mailpile\mailpile\tests\test_vcard.py,59,1,,,0,0,0
Mailpile,C:\Users\Zhifei Chen\Desktop\pysmell\subjects_for_metrics\Mailpile\mailpile\tests\test_vcard.py,60,2,,,0,0,0
Mailpile,C:\Users\Zhifei Chen\Desktop\pysmell\subjects_for_metrics\Mailpile\mailpile\tests\test_vcard.py,61,1,,,0,0,0
Mailpile,C:\Users\Zhifei Chen\Desktop\pysmell\subjects_for_metrics\Mailpile\mailpile\tests\__init__.py,30,,2,1,0,0,0
Mailpile,C:\Users\Zhifei Chen\Desktop\pysmell\subjects_for_metrics\Mailpile\mailpile\tests\__init__.py,65,1,,,0,0,0
Mailpile,C:\Users\Zhifei Chen\Desktop\pysmell\subjects_for_metrics\Mailpile\mailpile\tests\__init__.py,111,1,,,0,0,0
Mailpile,C:\Users\Zhifei Chen\Desktop\pysmell\subjects_for_metrics\Mailpile\mailpile\tests\__init__.py,111,1,,,0,0,0
Mailpile,C:\Users\Zhifei Chen\Desktop\pysmell\subjects_for_metrics\Mailpile\mailpile\tests\__init__.py,112,1,,,0,0,0
Mailpile,C:\Users\Zhifei Chen\Desktop\pysmell\subjects_for_metrics\Mailpile\mailpile\tests\__init__.py,112,1,,,0,0,0
Mailpile,C:\Users\Zhifei Chen\Desktop\pysmell\subjects_for_metrics\Mailpile\mailpile\tests\data\pgp-data\buildexamples.py,37,1,,,0,0,0
Mailpile,C:\Users\Zhifei Chen\Desktop\pysmell\subjects_for_metrics\Mailpile\mailpile\tests\data\pgp-data\buildexamples.py,38,1,,,0,0,0
Mailpile,C:\Users\Zhifei Chen\Desktop\pysmell\subjects_for_metrics\Mailpile\mailpile\tests\gui\__init__.py,71,1,,,0,0,0
Mailpile,C:\Users\Zhifei Chen\Desktop\pysmell\subjects_for_metrics\Mailpile\mailpile\www\jinjaextensions.py,33,1,,,0,0,0
Mailpile,C:\Users\Zhifei Chen\Desktop\pysmell\subjects_for_metrics\Mailpile\mailpile\www\jinjaextensions.py,34,1,,,0,0,0
Mailpile,C:\Users\Zhifei Chen\Desktop\pysmell\subjects_for_metrics\Mailpile\mailpile\www\jinjaextensions.py,35,1,,,0,0,0
Mailpile,C:\Users\Zhifei Chen\Desktop\pysmell\subjects_for_metrics\Mailpile\mailpile\www\jinjaextensions.py,36,1,,,0,0,0
Mailpile,C:\Users\Zhifei Chen\Desktop\pysmell\subjects_for_metrics\Mailpile\mailpile\www\jinjaextensions.py,37,1,,,0,0,0
Mailpile,C:\Users\Zhifei Chen\Desktop\pysmell\subjects_for_metrics\Mailpile\mailpile\www\jinjaextensions.py,38,1,,,0,0,0
Mailpile,C:\Users\Zhifei Chen\Desktop\pysmell\subjects_for_metrics\Mailpile\mailpile\www\jinjaextensions.py,39,1,,,0,0,0
Mailpile,C:\Users\Zhifei Chen\Desktop\pysmell\subjects_for_metrics\Mailpile\mailpile\www\jinjaextensions.py,40,1,,,0,0,0
Mailpile,C:\Users\Zhifei Chen\Desktop\pysmell\subjects_for_metrics\Mailpile\mailpile\www\jinjaextensions.py,41,1,,,0,0,0
Mailpile,C:\Users\Zhifei Chen\Desktop\pysmell\subjects_for_metrics\Mailpile\mailpile\www\jinjaextensions.py,42,1,,,0,0,0
Mailpile,C:\Users\Zhifei Chen\Desktop\pysmell\subjects_for_metrics\Mailpile\mailpile\www\jinjaextensions.py,43,1,,,0,0,0
Mailpile,C:\Users\Zhifei Chen\Desktop\pysmell\subjects_for_metrics\Mailpile\mailpile\www\jinjaextensions.py,44,1,,,0,0,0
Mailpile,C:\Users\Zhifei Chen\Desktop\pysmell\subjects_for_metrics\Mailpile\mailpile\www\jinjaextensions.py,45,1,,,0,0,0
Mailpile,C:\Users\Zhifei Chen\Desktop\pysmell\subjects_for_metrics\Mailpile\mailpile\www\jinjaextensions.py,46,1,,,0,0,0
Mailpile,C:\Users\Zhifei Chen\Desktop\pysmell\subjects_for_metrics\Mailpile\mailpile\www\jinjaextensions.py,47,1,,,0,0,0
Mailpile,C:\Users\Zhifei Chen\Desktop\pysmell\subjects_for_metrics\Mailpile\mailpile\www\jinjaextensions.py,48,1,,,0,0,0
Mailpile,C:\Users\Zhifei Chen\Desktop\pysmell\subjects_for_metrics\Mailpile\mailpile\www\jinjaextensions.py,49,1,,,0,0,0
Mailpile,C:\Users\Zhifei Chen\Desktop\pysmell\subjects_for_metrics\Mailpile\mailpile\www\jinjaextensions.py,50,1,,,0,0,0
Mailpile,C:\Users\Zhifei Chen\Desktop\pysmell\subjects_for_metrics\Mailpile\mailpile\www\jinjaextensions.py,51,1,,,0,0,0
Mailpile,C:\Users\Zhifei Chen\Desktop\pysmell\subjects_for_metrics\Mailpile\mailpile\www\jinjaextensions.py,52,1,,,0,0,0
Mailpile,C:\Users\Zhifei Chen\Desktop\pysmell\subjects_for_metrics\Mailpile\mailpile\www\jinjaextensions.py,53,1,,,0,0,0
Mailpile,C:\Users\Zhifei Chen\Desktop\pysmell\subjects_for_metrics\Mailpile\mailpile\www\jinjaextensions.py,54,1,,,0,0,0
Mailpile,C:\Users\Zhifei Chen\Desktop\pysmell\subjects_for_metrics\Mailpile\mailpile\www\jinjaextensions.py,55,1,,,0,0,0
Mailpile,C:\Users\Zhifei Chen\Desktop\pysmell\subjects_for_metrics\Mailpile\mailpile\www\jinjaextensions.py,56,1,,,0,0,0
Mailpile,C:\Users\Zhifei Chen\Desktop\pysmell\subjects_for_metrics\Mailpile\mailpile\www\jinjaextensions.py,57,1,,,0,0,0
Mailpile,C:\Users\Zhifei Chen\Desktop\pysmell\subjects_for_metrics\Mailpile\mailpile\www\jinjaextensions.py,58,1,,,0,0,0
Mailpile,C:\Users\Zhifei Chen\Desktop\pysmell\subjects_for_metrics\Mailpile\mailpile\www\jinjaextensions.py,59,1,,,0,0,0
Mailpile,C:\Users\Zhifei Chen\Desktop\pysmell\subjects_for_metrics\Mailpile\mailpile\www\jinjaextensions.py,60,1,,,0,0,0
Mailpile,C:\Users\Zhifei Chen\Desktop\pysmell\subjects_for_metrics\Mailpile\mailpile\www\jinjaextensions.py,61,1,,,0,0,0
Mailpile,C:\Users\Zhifei Chen\Desktop\pysmell\subjects_for_metrics\Mailpile\mailpile\www\jinjaextensions.py,62,1,,,0,0,0
Mailpile,C:\Users\Zhifei Chen\Desktop\pysmell\subjects_for_metrics\Mailpile\mailpile\www\jinjaextensions.py,63,1,,,0,0,0
Mailpile,C:\Users\Zhifei Chen\Desktop\pysmell\subjects_for_metrics\Mailpile\mailpile\www\jinjaextensions.py,64,1,,,0,0,0
Mailpile,C:\Users\Zhifei Chen\Desktop\pysmell\subjects_for_metrics\Mailpile\mailpile\www\jinjaextensions.py,65,1,,,0,0,0
Mailpile,C:\Users\Zhifei Chen\Desktop\pysmell\subjects_for_metrics\Mailpile\mailpile\www\jinjaextensions.py,66,1,,,0,0,0
Mailpile,C:\Users\Zhifei Chen\Desktop\pysmell\subjects_for_metrics\Mailpile\mailpile\www\jinjaextensions.py,67,1,,,0,0,0
Mailpile,C:\Users\Zhifei Chen\Desktop\pysmell\subjects_for_metrics\Mailpile\mailpile\www\jinjaextensions.py,70,1,,,0,0,0
Mailpile,C:\Users\Zhifei Chen\Desktop\pysmell\subjects_for_metrics\Mailpile\mailpile\www\jinjaextensions.py,71,1,,,0,0,0
Mailpile,C:\Users\Zhifei Chen\Desktop\pysmell\subjects_for_metrics\Mailpile\mailpile\www\jinjaextensions.py,72,1,,,0,0,0
Mailpile,C:\Users\Zhifei Chen\Desktop\pysmell\subjects_for_metrics\Mailpile\mailpile\www\jinjaextensions.py,73,1,,,0,0,0
Mailpile,C:\Users\Zhifei Chen\Desktop\pysmell\subjects_for_metrics\Mailpile\mailpile\www\jinjaextensions.py,74,1,,,0,0,0
Mailpile,C:\Users\Zhifei Chen\Desktop\pysmell\subjects_for_metrics\Mailpile\mailpile\www\jinjaextensions.py,75,1,,,0,0,0
Mailpile,C:\Users\Zhifei Chen\Desktop\pysmell\subjects_for_metrics\Mailpile\mailpile\www\jinjaextensions.py,78,1,,,0,0,0
Mailpile,C:\Users\Zhifei Chen\Desktop\pysmell\subjects_for_metrics\Mailpile\mailpile\www\jinjaextensions.py,79,1,,,0,0,0
Mailpile,C:\Users\Zhifei Chen\Desktop\pysmell\subjects_for_metrics\Mailpile\mailpile\www\jinjaextensions.py,80,1,,,0,0,0
Mailpile,C:\Users\Zhifei Chen\Desktop\pysmell\subjects_for_metrics\Mailpile\mailpile\www\jinjaextensions.py,84,1,,,0,0,0
Mailpile,C:\Users\Zhifei Chen\Desktop\pysmell\subjects_for_metrics\Mailpile\mailpile\www\jinjaextensions.py,85,1,,,0,0,0
Mailpile,C:\Users\Zhifei Chen\Desktop\pysmell\subjects_for_metrics\Mailpile\mailpile\www\jinjaextensions.py,87,1,,,0,0,0
Mailpile,C:\Users\Zhifei Chen\Desktop\pysmell\subjects_for_metrics\Mailpile\mailpile\www\jinjaextensions.py,88,1,,,0,0,0
Mailpile,C:\Users\Zhifei Chen\Desktop\pysmell\subjects_for_metrics\Mailpile\mailpile\www\jinjaextensions.py,91,1,,,0,0,0
Mailpile,C:\Users\Zhifei Chen\Desktop\pysmell\subjects_for_metrics\Mailpile\mailpile\www\jinjaextensions.py,92,1,,,0,0,0
Mailpile,C:\Users\Zhifei Chen\Desktop\pysmell\subjects_for_metrics\Mailpile\mailpile\www\jinjaextensions.py,93,1,,,0,0,0
Mailpile,C:\Users\Zhifei Chen\Desktop\pysmell\subjects_for_metrics\Mailpile\mailpile\www\jinjaextensions.py,96,1,,,0,0,0
Mailpile,C:\Users\Zhifei Chen\Desktop\pysmell\subjects_for_metrics\Mailpile\mailpile\www\jinjaextensions.py,97,1,,,0,0,0
Mailpile,C:\Users\Zhifei Chen\Desktop\pysmell\subjects_for_metrics\Mailpile\mailpile\www\jinjaextensions.py,100,1,,,0,0,0
Mailpile,C:\Users\Zhifei Chen\Desktop\pysmell\subjects_for_metrics\Mailpile\mailpile\www\jinjaextensions.py,101,1,,,0,0,0
Mailpile,C:\Users\Zhifei Chen\Desktop\pysmell\subjects_for_metrics\Mailpile\mailpile\www\jinjaextensions.py,104,1,,,0,0,0
Mailpile,C:\Users\Zhifei Chen\Desktop\pysmell\subjects_for_metrics\Mailpile\mailpile\www\jinjaextensions.py,105,1,,,0,0,0
Mailpile,C:\Users\Zhifei Chen\Desktop\pysmell\subjects_for_metrics\Mailpile\mailpile\www\jinjaextensions.py,108,1,,,0,0,0
Mailpile,C:\Users\Zhifei Chen\Desktop\pysmell\subjects_for_metrics\Mailpile\mailpile\www\jinjaextensions.py,109,1,,,0,0,0
Mailpile,C:\Users\Zhifei Chen\Desktop\pysmell\subjects_for_metrics\Mailpile\mailpile\www\jinjaextensions.py,112,1,,,0,0,0
Mailpile,C:\Users\Zhifei Chen\Desktop\pysmell\subjects_for_metrics\Mailpile\mailpile\www\jinjaextensions.py,113,1,,,0,0,0
Mailpile,C:\Users\Zhifei Chen\Desktop\pysmell\subjects_for_metrics\Mailpile\mailpile\www\jinjaextensions.py,116,1,,,0,0,0
Mailpile,C:\Users\Zhifei Chen\Desktop\pysmell\subjects_for_metrics\Mailpile\mailpile\www\jinjaextensions.py,117,1,,,0,0,0
Mailpile,C:\Users\Zhifei Chen\Desktop\pysmell\subjects_for_metrics\Mailpile\mailpile\www\jinjaextensions.py,120,1,,,0,0,0
Mailpile,C:\Users\Zhifei Chen\Desktop\pysmell\subjects_for_metrics\Mailpile\mailpile\www\jinjaextensions.py,121,1,,,0,0,0
Mailpile,C:\Users\Zhifei Chen\Desktop\pysmell\subjects_for_metrics\Mailpile\mailpile\www\jinjaextensions.py,124,1,,,0,0,0
Mailpile,C:\Users\Zhifei Chen\Desktop\pysmell\subjects_for_metrics\Mailpile\mailpile\www\jinjaextensions.py,125,1,,,0,0,0
Mailpile,C:\Users\Zhifei Chen\Desktop\pysmell\subjects_for_metrics\Mailpile\mailpile\www\jinjaextensions.py,128,1,,,0,0,0
Mailpile,C:\Users\Zhifei Chen\Desktop\pysmell\subjects_for_metrics\Mailpile\mailpile\www\jinjaextensions.py,129,1,,,0,0,0
Mailpile,C:\Users\Zhifei Chen\Desktop\pysmell\subjects_for_metrics\Mailpile\mailpile\www\jinjaextensions.py,132,1,,,0,0,0
Mailpile,C:\Users\Zhifei Chen\Desktop\pysmell\subjects_for_metrics\Mailpile\mailpile\www\jinjaextensions.py,133,1,,,0,0,0
Mailpile,C:\Users\Zhifei Chen\Desktop\pysmell\subjects_for_metrics\Mailpile\mailpile\www\jinjaextensions.py,160,1,,,0,0,0
Mailpile,C:\Users\Zhifei Chen\Desktop\pysmell\subjects_for_metrics\Mailpile\mailpile\www\jinjaextensions.py,160,1,,,0,0,0
Mailpile,C:\Users\Zhifei Chen\Desktop\pysmell\subjects_for_metrics\Mailpile\mailpile\www\jinjaextensions.py,166,1,,,0,0,0
Mailpile,C:\Users\Zhifei Chen\Desktop\pysmell\subjects_for_metrics\Mailpile\mailpile\www\jinjaextensions.py,189,1,,,0,0,0
Mailpile,C:\Users\Zhifei Chen\Desktop\pysmell\subjects_for_metrics\Mailpile\mailpile\www\jinjaextensions.py,209,1,,,0,0,0
Mailpile,C:\Users\Zhifei Chen\Desktop\pysmell\subjects_for_metrics\Mailpile\mailpile\www\jinjaextensions.py,231,1,,,0,0,0
Mailpile,C:\Users\Zhifei Chen\Desktop\pysmell\subjects_for_metrics\Mailpile\mailpile\www\jinjaextensions.py,249,2,,,0,0,0
Mailpile,C:\Users\Zhifei Chen\Desktop\pysmell\subjects_for_metrics\Mailpile\mailpile\www\jinjaextensions.py,249,2,,,0,0,0
Mailpile,C:\Users\Zhifei Chen\Desktop\pysmell\subjects_for_metrics\Mailpile\mailpile\www\jinjaextensions.py,258,,2,1,0,0,0
Mailpile,C:\Users\Zhifei Chen\Desktop\pysmell\subjects_for_metrics\Mailpile\mailpile\www\jinjaextensions.py,379,,2,1,0,0,0
Mailpile,C:\Users\Zhifei Chen\Desktop\pysmell\subjects_for_metrics\Mailpile\mailpile\www\jinjaextensions.py,467,,2,1,0,0,0
Mailpile,C:\Users\Zhifei Chen\Desktop\pysmell\subjects_for_metrics\Mailpile\mailpile\www\jinjaextensions.py,505,1,,,0,0,0
Mailpile,C:\Users\Zhifei Chen\Desktop\pysmell\subjects_for_metrics\Mailpile\mailpile\www\jinjaextensions.py,508,1,,,0,0,0
Mailpile,C:\Users\Zhifei Chen\Desktop\pysmell\subjects_for_metrics\Mailpile\mailpile\www\jinjaextensions.py,515,1,,,0,0,0
Mailpile,C:\Users\Zhifei Chen\Desktop\pysmell\subjects_for_metrics\Mailpile\mailpile\www\jinjaextensions.py,517,1,,,0,0,0
Mailpile,C:\Users\Zhifei Chen\Desktop\pysmell\subjects_for_metrics\Mailpile\mailpile\www\jinjaextensions.py,553,1,,,0,0,0
Mailpile,C:\Users\Zhifei Chen\Desktop\pysmell\subjects_for_metrics\Mailpile\mailpile\www\jinjaextensions.py,562,1,,,0,0,0
Mailpile,C:\Users\Zhifei Chen\Desktop\pysmell\subjects_for_metrics\Mailpile\mailpile\www\jinjaextensions.py,562,1,,,0,0,0
Mailpile,C:\Users\Zhifei Chen\Desktop\pysmell\subjects_for_metrics\Mailpile\mailpile\www\jinjaextensions.py,565,1,,,0,0,0
Mailpile,C:\Users\Zhifei Chen\Desktop\pysmell\subjects_for_metrics\Mailpile\mailpile\www\jinjaextensions.py,565,1,,,0,0,0
Mailpile,C:\Users\Zhifei Chen\Desktop\pysmell\subjects_for_metrics\Mailpile\mailpile\www\jinjaextensions.py,584,1,,,0,0,0
Mailpile,C:\Users\Zhifei Chen\Desktop\pysmell\subjects_for_metrics\Mailpile\mailpile\www\jinjaextensions.py,588,1,,,0,0,0
Mailpile,C:\Users\Zhifei Chen\Desktop\pysmell\subjects_for_metrics\Mailpile\mailpile\www\jinjaextensions.py,620,,2,1,0,0,0
Mailpile,C:\Users\Zhifei Chen\Desktop\pysmell\subjects_for_metrics\Mailpile\mailpile\www\jinjaextensions.py,666,1,,,0,0,0
Mailpile,C:\Users\Zhifei Chen\Desktop\pysmell\subjects_for_metrics\Mailpile\mailpile\www\jinjaextensions.py,667,1,,,0,0,0
Mailpile,C:\Users\Zhifei Chen\Desktop\pysmell\subjects_for_metrics\Mailpile\mailpile\www\jinjaextensions.py,675,1,,,0,0,0
Mailpile,C:\Users\Zhifei Chen\Desktop\pysmell\subjects_for_metrics\Mailpile\mailpile\www\jinjaextensions.py,681,1,,,0,0,0
Mailpile,C:\Users\Zhifei Chen\Desktop\pysmell\subjects_for_metrics\Mailpile\mailpile\www\jinjaextensions.py,681,1,,,0,0,0
Mailpile,C:\Users\Zhifei Chen\Desktop\pysmell\subjects_for_metrics\Mailpile\mailpile\www\jinjaextensions.py,681,1,,,0,0,0
Mailpile,C:\Users\Zhifei Chen\Desktop\pysmell\subjects_for_metrics\Mailpile\mailpile\www\jinjaextensions.py,683,1,,,0,0,0
Mailpile,C:\Users\Zhifei Chen\Desktop\pysmell\subjects_for_metrics\Mailpile\mailpile\www\jinjaextensions.py,689,1,,,0,0,0
Mailpile,C:\Users\Zhifei Chen\Desktop\pysmell\subjects_for_metrics\Mailpile\mailpile\www\jinjaextensions.py,842,1,,,0,0,0
Mailpile,C:\Users\Zhifei Chen\Desktop\pysmell\subjects_for_metrics\Mailpile\mailpile\www\jinjaextensions.py,857,1,,,0,0,0
Mailpile,C:\Users\Zhifei Chen\Desktop\pysmell\subjects_for_metrics\Mailpile\mailpile\www\jinjaextensions.py,859,1,,,0,0,0
Mailpile,C:\Users\Zhifei Chen\Desktop\pysmell\subjects_for_metrics\Mailpile\mailpile\www\jinjaextensions.py,861,1,,,0,0,0
Mailpile,C:\Users\Zhifei Chen\Desktop\pysmell\subjects_for_metrics\Mailpile\mailpile\www\jinjaextensions.py,862,1,,,0,0,0
Mailpile,C:\Users\Zhifei Chen\Desktop\pysmell\subjects_for_metrics\Mailpile\scripts\aes-record-test.py,34,1,,,0,0,0
Mailpile,C:\Users\Zhifei Chen\Desktop\pysmell\subjects_for_metrics\Mailpile\scripts\aes-record-test.py,95,1,,,0,0,0
Mailpile,C:\Users\Zhifei Chen\Desktop\pysmell\subjects_for_metrics\Mailpile\scripts\aes-record-test.py,115,1,,,0,0,0
Mailpile,C:\Users\Zhifei Chen\Desktop\pysmell\subjects_for_metrics\Mailpile\scripts\aes-record-test.py,118,1,,,0,0,0
Mailpile,C:\Users\Zhifei Chen\Desktop\pysmell\subjects_for_metrics\Mailpile\scripts\aes-record-test.py,131,1,,,0,0,0
Mailpile,C:\Users\Zhifei Chen\Desktop\pysmell\subjects_for_metrics\Mailpile\scripts\aes-record-test.py,137,1,,,0,0,0
Mailpile,C:\Users\Zhifei Chen\Desktop\pysmell\subjects_for_metrics\Mailpile\scripts\aes-record-test.py,144,1,,,0,0,0
Mailpile,C:\Users\Zhifei Chen\Desktop\pysmell\subjects_for_metrics\Mailpile\scripts\aes-record-test.py,144,1,,,0,0,0
Mailpile,C:\Users\Zhifei Chen\Desktop\pysmell\subjects_for_metrics\Mailpile\scripts\colorprints.py,79,1,,,0,0,0
Mailpile,C:\Users\Zhifei Chen\Desktop\pysmell\subjects_for_metrics\Mailpile\scripts\colorprints.py,79,1,,,0,0,0
Mailpile,C:\Users\Zhifei Chen\Desktop\pysmell\subjects_for_metrics\Mailpile\scripts\colorprints.py,79,1,,,0,0,0
Mailpile,C:\Users\Zhifei Chen\Desktop\pysmell\subjects_for_metrics\Mailpile\scripts\colorprints.py,93,1,,,0,0,0
Mailpile,C:\Users\Zhifei Chen\Desktop\pysmell\subjects_for_metrics\Mailpile\scripts\colorprints.py,105,1,,,0,0,0
Mailpile,C:\Users\Zhifei Chen\Desktop\pysmell\subjects_for_metrics\Mailpile\scripts\colorprints.py,106,1,,,0,0,0
Mailpile,C:\Users\Zhifei Chen\Desktop\pysmell\subjects_for_metrics\Mailpile\scripts\colorprints.py,106,1,,,0,0,0
Mailpile,C:\Users\Zhifei Chen\Desktop\pysmell\subjects_for_metrics\Mailpile\scripts\colorprints.py,106,1,,,0,0,0
Mailpile,C:\Users\Zhifei Chen\Desktop\pysmell\subjects_for_metrics\Mailpile\scripts\colorprints.py,107,1,,,0,0,0
Mailpile,C:\Users\Zhifei Chen\Desktop\pysmell\subjects_for_metrics\Mailpile\scripts\colorprints.py,107,1,,,0,0,0
Mailpile,C:\Users\Zhifei Chen\Desktop\pysmell\subjects_for_metrics\Mailpile\scripts\colorprints.py,107,1,,,0,0,0
Mailpile,C:\Users\Zhifei Chen\Desktop\pysmell\subjects_for_metrics\Mailpile\scripts\colorprints.py,108,1,,,0,0,0
Mailpile,C:\Users\Zhifei Chen\Desktop\pysmell\subjects_for_metrics\Mailpile\scripts\colorprints.py,108,1,,,0,0,0
Mailpile,C:\Users\Zhifei Chen\Desktop\pysmell\subjects_for_metrics\Mailpile\scripts\colorprints.py,108,1,,,0,0,0
Mailpile,C:\Users\Zhifei Chen\Desktop\pysmell\subjects_for_metrics\Mailpile\scripts\colorprints.py,109,1,,,0,0,0
Mailpile,C:\Users\Zhifei Chen\Desktop\pysmell\subjects_for_metrics\Mailpile\scripts\colorprints.py,110,1,,,0,0,0
Mailpile,C:\Users\Zhifei Chen\Desktop\pysmell\subjects_for_metrics\Mailpile\scripts\colorprints.py,111,1,,,0,0,0
Mailpile,C:\Users\Zhifei Chen\Desktop\pysmell\subjects_for_metrics\Mailpile\scripts\colorprints.py,121,1,,,0,0,0
Mailpile,C:\Users\Zhifei Chen\Desktop\pysmell\subjects_for_metrics\Mailpile\scripts\colorprints.py,122,1,,,0,0,0
Mailpile,C:\Users\Zhifei Chen\Desktop\pysmell\subjects_for_metrics\Mailpile\scripts\colorprints.py,136,1,,,0,0,0
Mailpile,C:\Users\Zhifei Chen\Desktop\pysmell\subjects_for_metrics\Mailpile\scripts\colorprints.py,137,1,,,0,0,0
Mailpile,C:\Users\Zhifei Chen\Desktop\pysmell\subjects_for_metrics\Mailpile\scripts\colorprints.py,138,1,,,0,0,0
Mailpile,C:\Users\Zhifei Chen\Desktop\pysmell\subjects_for_metrics\Mailpile\scripts\colorprints.py,152,1,,,0,0,0
Mailpile,C:\Users\Zhifei Chen\Desktop\pysmell\subjects_for_metrics\Mailpile\scripts\colorprints.py,156,1,,,0,0,0
Mailpile,C:\Users\Zhifei Chen\Desktop\pysmell\subjects_for_metrics\Mailpile\scripts\colorprints.py,168,1,,,0,0,0
Mailpile,C:\Users\Zhifei Chen\Desktop\pysmell\subjects_for_metrics\Mailpile\scripts\colorprints.py,169,1,,,0,0,0
Mailpile,C:\Users\Zhifei Chen\Desktop\pysmell\subjects_for_metrics\Mailpile\scripts\colorprints.py,170,1,,,0,0,0
Mailpile,C:\Users\Zhifei Chen\Desktop\pysmell\subjects_for_metrics\Mailpile\scripts\colorprints.py,171,1,,,0,0,0
Mailpile,C:\Users\Zhifei Chen\Desktop\pysmell\subjects_for_metrics\Mailpile\scripts\colorprints.py,172,1,,,0,0,0
Mailpile,C:\Users\Zhifei Chen\Desktop\pysmell\subjects_for_metrics\Mailpile\scripts\colorprints.py,173,1,,,0,0,0
Mailpile,C:\Users\Zhifei Chen\Desktop\pysmell\subjects_for_metrics\Mailpile\scripts\colorprints.py,174,1,,,0,0,0
Mailpile,C:\Users\Zhifei Chen\Desktop\pysmell\subjects_for_metrics\Mailpile\scripts\colorprints.py,193,1,,,0,0,0
Mailpile,C:\Users\Zhifei Chen\Desktop\pysmell\subjects_for_metrics\Mailpile\scripts\colorprints.py,295,1,,,0,0,0
Mailpile,C:\Users\Zhifei Chen\Desktop\pysmell\subjects_for_metrics\Mailpile\scripts\create-debian-changelog.py,31,1,,,0,0,0
Mailpile,C:\Users\Zhifei Chen\Desktop\pysmell\subjects_for_metrics\Mailpile\scripts\create-debian-changelog.py,36,1,,,0,0,0
Mailpile,C:\Users\Zhifei Chen\Desktop\pysmell\subjects_for_metrics\Mailpile\scripts\email-parsing-test.py,32,,2,1,0,0,0
Mailpile,C:\Users\Zhifei Chen\Desktop\pysmell\subjects_for_metrics\Mailpile\scripts\email-parsing-test.py,48,,2,1,0,0,0
Mailpile,C:\Users\Zhifei Chen\Desktop\pysmell\subjects_for_metrics\Mailpile\scripts\email-parsing-test.py,49,1,,,0,0,0
Mailpile,C:\Users\Zhifei Chen\Desktop\pysmell\subjects_for_metrics\Mailpile\scripts\email-parsing-test.py,50,1,,,0,0,0
Mailpile,C:\Users\Zhifei Chen\Desktop\pysmell\subjects_for_metrics\Mailpile\scripts\email-parsing-test.py,50,1,,,0,0,0
Mailpile,C:\Users\Zhifei Chen\Desktop\pysmell\subjects_for_metrics\Mailpile\scripts\email-parsing-test.py,50,1,,,0,0,0
Mailpile,C:\Users\Zhifei Chen\Desktop\pysmell\subjects_for_metrics\Mailpile\scripts\mailpile-test.py,24,1,,,0,0,0
Mailpile,C:\Users\Zhifei Chen\Desktop\pysmell\subjects_for_metrics\Mailpile\scripts\mailpile-test.py,110,1,,,0,0,0
Mailpile,C:\Users\Zhifei Chen\Desktop\pysmell\subjects_for_metrics\Mailpile\scripts\mailpile-test.py,111,1,,,0,0,0
Mailpile,C:\Users\Zhifei Chen\Desktop\pysmell\subjects_for_metrics\Mailpile\scripts\mailpile-test.py,129,2,,,0,0,0
Mailpile,C:\Users\Zhifei Chen\Desktop\pysmell\subjects_for_metrics\Mailpile\scripts\mailpile-test.py,131,1,,,0,0,0
Mailpile,C:\Users\Zhifei Chen\Desktop\pysmell\subjects_for_metrics\Mailpile\scripts\mailpile-test.py,155,,2,1,0,0,0
Mailpile,C:\Users\Zhifei Chen\Desktop\pysmell\subjects_for_metrics\Mailpile\scripts\mailpile-test.py,182,2,,,0,0,0
Mailpile,C:\Users\Zhifei Chen\Desktop\pysmell\subjects_for_metrics\Mailpile\scripts\mailpile-test.py,186,2,,,0,0,0
Mailpile,C:\Users\Zhifei Chen\Desktop\pysmell\subjects_for_metrics\Mailpile\scripts\mailpile-test.py,195,3,,,1,1,1
Mailpile,C:\Users\Zhifei Chen\Desktop\pysmell\subjects_for_metrics\Mailpile\scripts\mailpile-test.py,195,2,,,0,0,0
Mailpile,C:\Users\Zhifei Chen\Desktop\pysmell\subjects_for_metrics\Mailpile\scripts\mailpile-test.py,196,1,,,0,0,0
Mailpile,C:\Users\Zhifei Chen\Desktop\pysmell\subjects_for_metrics\Mailpile\scripts\mailpile-test.py,199,3,,,1,1,1
Mailpile,C:\Users\Zhifei Chen\Desktop\pysmell\subjects_for_metrics\Mailpile\scripts\mailpile-test.py,199,1,,,0,0,0
Mailpile,C:\Users\Zhifei Chen\Desktop\pysmell\subjects_for_metrics\Mailpile\scripts\mailpile-test.py,200,3,,,1,1,1
Mailpile,C:\Users\Zhifei Chen\Desktop\pysmell\subjects_for_metrics\Mailpile\scripts\mailpile-test.py,204,3,,,1,1,1
Mailpile,C:\Users\Zhifei Chen\Desktop\pysmell\subjects_for_metrics\Mailpile\scripts\mailpile-test.py,204,2,,,0,0,0
Mailpile,C:\Users\Zhifei Chen\Desktop\pysmell\subjects_for_metrics\Mailpile\scripts\mailpile-test.py,205,1,,,0,0,0
Mailpile,C:\Users\Zhifei Chen\Desktop\pysmell\subjects_for_metrics\Mailpile\scripts\mailpile-test.py,209,1,,,0,0,0
Mailpile,C:\Users\Zhifei Chen\Desktop\pysmell\subjects_for_metrics\Mailpile\scripts\mailpile-test.py,212,3,,,1,1,1
Mailpile,C:\Users\Zhifei Chen\Desktop\pysmell\subjects_for_metrics\Mailpile\scripts\mailpile-test.py,212,2,,,0,0,0
Mailpile,C:\Users\Zhifei Chen\Desktop\pysmell\subjects_for_metrics\Mailpile\scripts\mailpile-test.py,213,3,,,1,1,1
Mailpile,C:\Users\Zhifei Chen\Desktop\pysmell\subjects_for_metrics\Mailpile\scripts\mailpile-test.py,213,2,,,0,0,0
Mailpile,C:\Users\Zhifei Chen\Desktop\pysmell\subjects_for_metrics\Mailpile\scripts\mailpile-test.py,214,3,,,1,1,1
Mailpile,C:\Users\Zhifei Chen\Desktop\pysmell\subjects_for_metrics\Mailpile\scripts\mailpile-test.py,214,2,,,0,0,0
Mailpile,C:\Users\Zhifei Chen\Desktop\pysmell\subjects_for_metrics\Mailpile\scripts\mailpile-test.py,216,1,,,0,0,0
Mailpile,C:\Users\Zhifei Chen\Desktop\pysmell\subjects_for_metrics\Mailpile\scripts\mailpile-test.py,217,1,,,0,0,0
Mailpile,C:\Users\Zhifei Chen\Desktop\pysmell\subjects_for_metrics\Mailpile\scripts\mailpile-test.py,218,1,,,0,0,0
Mailpile,C:\Users\Zhifei Chen\Desktop\pysmell\subjects_for_metrics\Mailpile\scripts\mailpile-test.py,226,3,,,1,1,1
Mailpile,C:\Users\Zhifei Chen\Desktop\pysmell\subjects_for_metrics\Mailpile\scripts\mailpile-test.py,226,2,,,0,0,0
Mailpile,C:\Users\Zhifei Chen\Desktop\pysmell\subjects_for_metrics\Mailpile\scripts\mailpile-test.py,227,1,,,0,0,0
Mailpile,C:\Users\Zhifei Chen\Desktop\pysmell\subjects_for_metrics\Mailpile\scripts\mailpile-test.py,235,2,,,0,0,0
Mailpile,C:\Users\Zhifei Chen\Desktop\pysmell\subjects_for_metrics\Mailpile\scripts\mailpile-test.py,236,2,,,0,0,0
Mailpile,C:\Users\Zhifei Chen\Desktop\pysmell\subjects_for_metrics\Mailpile\scripts\mailpile-test.py,237,2,,,0,0,0
Mailpile,C:\Users\Zhifei Chen\Desktop\pysmell\subjects_for_metrics\Mailpile\scripts\mailpile-test.py,238,2,,,0,0,0
Mailpile,C:\Users\Zhifei Chen\Desktop\pysmell\subjects_for_metrics\Mailpile\scripts\mailpile-test.py,242,,2,1,0,0,0
Mailpile,C:\Users\Zhifei Chen\Desktop\pysmell\subjects_for_metrics\Mailpile\scripts\mailpile-test.py,251,2,,,0,0,0
Mailpile,C:\Users\Zhifei Chen\Desktop\pysmell\subjects_for_metrics\Mailpile\scripts\mailpile-test.py,252,2,,,0,0,0
Mailpile,C:\Users\Zhifei Chen\Desktop\pysmell\subjects_for_metrics\Mailpile\scripts\mailpile-test.py,253,2,,,0,0,0
Mailpile,C:\Users\Zhifei Chen\Desktop\pysmell\subjects_for_metrics\Mailpile\scripts\mailpile-test.py,257,1,,,0,0,0
Mailpile,C:\Users\Zhifei Chen\Desktop\pysmell\subjects_for_metrics\Mailpile\scripts\mailpile-test.py,258,1,,,0,0,0
Mailpile,C:\Users\Zhifei Chen\Desktop\pysmell\subjects_for_metrics\Mailpile\scripts\mailpile-test.py,262,2,,,0,0,0
Mailpile,C:\Users\Zhifei Chen\Desktop\pysmell\subjects_for_metrics\Mailpile\scripts\mailpile-test.py,263,2,,,0,0,0
Mailpile,C:\Users\Zhifei Chen\Desktop\pysmell\subjects_for_metrics\Mailpile\scripts\mailpile-test.py,267,1,,,0,0,0
Mailpile,C:\Users\Zhifei Chen\Desktop\pysmell\subjects_for_metrics\Mailpile\scripts\mailpile-test.py,269,1,,,0,0,0
Mailpile,C:\Users\Zhifei Chen\Desktop\pysmell\subjects_for_metrics\Mailpile\scripts\mailpile-test.py,272,2,,,0,0,0
Mailpile,C:\Users\Zhifei Chen\Desktop\pysmell\subjects_for_metrics\Mailpile\scripts\mailpile-test.py,273,1,,,0,0,0
Mailpile,C:\Users\Zhifei Chen\Desktop\pysmell\subjects_for_metrics\Mailpile\scripts\mailpile-test.py,278,1,,,0,0,0
Mailpile,C:\Users\Zhifei Chen\Desktop\pysmell\subjects_for_metrics\Mailpile\scripts\mailpile-test.py,281,2,,,0,0,0
Mailpile,C:\Users\Zhifei Chen\Desktop\pysmell\subjects_for_metrics\Mailpile\scripts\mailpile-test.py,282,1,,,0,0,0
Mailpile,C:\Users\Zhifei Chen\Desktop\pysmell\subjects_for_metrics\Mailpile\scripts\mailpile-test.py,295,,2,1,0,0,0
Mailpile,C:\Users\Zhifei Chen\Desktop\pysmell\subjects_for_metrics\Mailpile\scripts\mailpile-test.py,303,2,,,0,0,0
Mailpile,C:\Users\Zhifei Chen\Desktop\pysmell\subjects_for_metrics\Mailpile\scripts\mailpile-test.py,325,2,,,0,0,0
Mailpile,C:\Users\Zhifei Chen\Desktop\pysmell\subjects_for_metrics\Mailpile\scripts\mailpile-test.py,326,,2,1,0,0,0
Mailpile,C:\Users\Zhifei Chen\Desktop\pysmell\subjects_for_metrics\Mailpile\scripts\mailpile-test.py,334,1,,,0,0,0
Mailpile,C:\Users\Zhifei Chen\Desktop\pysmell\subjects_for_metrics\Mailpile\scripts\mbox-minimal.py,13,1,,,0,0,0
Mailpile,C:\Users\Zhifei Chen\Desktop\pysmell\subjects_for_metrics\Mailpile\scripts\mbox-minimal.py,14,1,,,0,0,0
Mailpile,C:\Users\Zhifei Chen\Desktop\pysmell\subjects_for_metrics\Mailpile\scripts\mbox-minimal.py,15,1,,,0,0,0
Mailpile,C:\Users\Zhifei Chen\Desktop\pysmell\subjects_for_metrics\Mailpile\scripts\mbox-minimal.py,15,1,,,0,0,0
Mailpile,C:\Users\Zhifei Chen\Desktop\pysmell\subjects_for_metrics\Mailpile\scripts\mbox-minimal.py,17,1,,,0,0,0
Mailpile,C:\Users\Zhifei Chen\Desktop\pysmell\subjects_for_metrics\Mailpile\scripts\mbox-minimal.py,19,1,,,0,0,0
Mailpile,C:\Users\Zhifei Chen\Desktop\pysmell\subjects_for_metrics\Mailpile\scripts\mbox-minimal.py,19,1,,,0,0,0
Mailpile,C:\Users\Zhifei Chen\Desktop\pysmell\subjects_for_metrics\Mailpile\scripts\mbox-minimal.py,26,1,,,0,0,0
Mailpile,C:\Users\Zhifei Chen\Desktop\pysmell\subjects_for_metrics\Mailpile\scripts\mbox-minimal.py,31,1,,,0,0,0
Mailpile,C:\Users\Zhifei Chen\Desktop\pysmell\subjects_for_metrics\Mailpile\scripts\mbox-minimal.py,33,1,,,0,0,0
Mailpile,C:\Users\Zhifei Chen\Desktop\pysmell\subjects_for_metrics\Mailpile\scripts\mbox-minimal.py,45,1,,,0,0,0
Mailpile,C:\Users\Zhifei Chen\Desktop\pysmell\subjects_for_metrics\Mailpile\scripts\mbox-minimal.py,53,1,,,0,0,0
Mailpile,C:\Users\Zhifei Chen\Desktop\pysmell\subjects_for_metrics\Mailpile\scripts\mbox-minimal.py,53,1,,,0,0,0
Mailpile,C:\Users\Zhifei Chen\Desktop\pysmell\subjects_for_metrics\Mailpile\scripts\unsent-mail-finder.py,15,1,,,0,0,0
Mailpile,C:\Users\Zhifei Chen\Desktop\pysmell\subjects_for_metrics\Mailpile\scripts\unsent-mail-finder.py,32,1,,,0,0,0
Mailpile,C:\Users\Zhifei Chen\Desktop\pysmell\subjects_for_metrics\Mailpile\scripts\unsent-mail-finder.py,33,1,,,0,0,0
Mailpile,C:\Users\Zhifei Chen\Desktop\pysmell\subjects_for_metrics\Mailpile\scripts\unsent-mail-finder.py,33,2,,,0,0,0
